Data,vento,radiacao,temp_max,temp_min,umi_max,umi_min,umi_rel,press_atm,temp_media
2018-01-01,1.1961027608756585,75.66515999999999,29.8,20.3,92.0,40.0,75.375,916.4916666666667,23.59583333333333
2018-01-02,1.3862524305533273,74.78532,29.8,19.4,92.0,49.0,71.58333333333333,914.3500000000003,23.9125
2018-01-03,1.260508294153578,76.30523999999998,30.1,18.7,93.0,47.0,74.16666666666667,913.7458333333333,23.760416666666664
2018-01-04,0.9722168594809839,21.31272,22.4,18.8,93.0,85.0,91.16666666666667,916.4916666666668,20.397916666666664
2018-01-05,0.9108782563591551,48.75192,28.0,19.0,93.0,58.0,85.95833333333333,918.8625000000003,21.172916666666666
2018-01-06,0.8035357008959552,60.44328000000001,27.3,17.7,92.0,57.0,79.45833333333333,918.5916666666668,21.458333333333332
2018-01-07,1.0120869515101725,75.46607999999999,29.7,19.1,92.0,46.0,73.375,917.5166666666668,23.37291666666667
2018-01-08,2.0211069728642532,100.06452000000002,29.0,20.2,80.0,34.0,60.708333333333336,918.995833333333,24.227083333333336
2018-01-09,2.2725952456637506,98.40024,29.2,19.7,73.0,39.0,55.583333333333336,920.9708333333333,23.741666666666667
2018-01-10,2.192855061605374,97.79904000000002,29.4,20.3,77.0,38.0,58.208333333333336,921.7000000000002,24.422916666666666
2018-01-11,2.0395085538008026,94.87332,27.7,19.6,77.0,44.0,60.166666666666664,920.7791666666667,23.452083333333334
2018-01-12,1.2022366211878412,89.11007999999998,29.7,19.8,74.0,39.0,60.666666666666664,918.3666666666668,23.650000000000006
2018-01-13,1.2543744338413956,87.63875999999998,30.1,19.9,77.0,34.0,59.25,917.0916666666668,24.322916666666664
2018-01-14,1.1500988085342863,51.12612000000001,28.5,19.4,90.0,54.0,74.70833333333333,918.4833333333332,22.78958333333334
2018-01-15,0.8127364913642294,63.016919999999985,29.8,18.9,89.0,47.0,72.33333333333333,918.9916666666667,23.239583333333336
2018-01-16,1.3494492686802297,89.79084,30.7,19.1,90.0,38.0,63.416666666666664,919.7833333333334,25.022916666666667
2018-01-17,1.742016328659933,102.49596,30.2,19.7,77.0,35.0,56.583333333333336,919.5291666666667,25.202083333333334
2018-01-18,1.3954532210216017,101.29895999999997,30.7,19.5,68.0,27.0,46.125,919.7541666666666,25.085416666666667
2018-01-19,1.278909875090127,105.08148000000001,32.4,20.2,69.0,23.0,45.541666666666664,919.2791666666668,25.975
2018-01-20,1.2911775957144926,107.70876,32.4,21.3,61.0,19.0,39.833333333333336,918.3333333333334,26.854166666666664
2018-01-21,1.5733351700749045,101.71296,32.2,21.8,51.0,21.0,37.0,917.6000000000003,26.704166666666666
2018-01-22,1.683744655694196,72.99576,31.1,21.9,77.0,34.0,53.75,916.3791666666666,25.489583333333336
2018-01-23,1.5089296367969844,66.85775999999998,29.7,20.4,88.0,45.0,64.54166666666667,916.9625000000001,24.02708333333333
2018-01-24,1.3954532210216017,80.63028,30.6,20.8,83.0,38.0,59.958333333333336,916.7666666666668,24.639583333333334
2018-01-25,2.143784179107911,100.63439999999997,29.8,20.7,73.0,38.0,56.541666666666664,915.8083333333333,24.795833333333334
2018-01-26,1.4813272653921616,93.40092,31.3,20.1,66.0,30.0,50.875,915.4208333333335,25.162499999999998
2018-01-27,1.582535960543179,73.98071999999999,30.9,21.7,71.0,33.0,53.0,915.5,25.71666666666667
2018-01-28,1.5610674494505385,91.23443999999999,32.3,20.5,80.0,29.0,56.625,915.3041666666668,25.677083333333332
2018-01-29,1.1040948561929154,68.68548,30.5,19.8,91.0,44.0,63.625,914.0583333333333,25.031249999999996
2018-01-30,0.8280711421446867,55.08972000000001,29.4,18.7,93.0,55.0,83.08333333333333,913.1875,22.97083333333333
2018-01-31,0.7023270057449379,43.84331999999999,27.9,19.7,93.0,59.0,86.54166666666667,913.2833333333333,21.922916666666666
2018-02-01,0.9108782563591551,37.138679999999994,25.9,18.1,91.0,69.0,84.41666666666667,914.4999999999999,20.735416666666666
2018-02-02,1.1040948561929154,24.56964,21.6,18.3,92.0,81.0,90.20833333333333,913.7458333333334,19.922916666666666
2018-02-03,1.2911775957144926,48.47904000000001,28.1,18.0,93.0,55.0,84.79166666666667,912.2916666666665,20.654166666666665
2018-02-04,1.3801185702411447,24.214679999999998,21.9,18.1,91.0,76.0,85.20833333333333,914.5208333333335,19.625
2018-02-05,0.9691499293248921,30.573,22.4,17.6,93.0,80.0,89.70833333333333,913.775,19.237499999999997
2018-02-06,1.0028861610418982,60.03071999999999,27.2,18.6,93.0,59.0,85.33333333333333,913.4541666666665,21.025000000000006
2018-02-07,0.8832758849543323,61.55388,28.0,18.3,93.0,50.0,80.16666666666667,914.6833333333333,21.84166666666667
2018-02-08,0.7882010501154979,75.8106,31.2,18.4,93.0,41.0,70.125,916.0291666666666,23.75625
2018-02-09,1.797221071469579,82.77228,31.3,20.6,83.0,40.0,66.95833333333333,917.5375,24.583333333333336
2018-02-10,1.128630297441647,54.36792,30.0,21.2,90.0,50.0,75.45833333333333,918.2875000000003,23.5
2018-02-11,1.5549335891383558,84.06035999999999,30.2,20.6,86.0,42.0,68.04166666666667,918.1833333333329,24.5
2018-02-12,1.441457173362973,99.11699999999999,30.1,19.2,69.0,29.0,52.333333333333336,917.7499999999999,24.31041666666667
2018-02-13,1.5672013097627218,96.77376000000001,29.8,20.2,75.0,36.0,55.208333333333336,918.3291666666665,24.989583333333332
2018-02-14,1.720547817567293,90.95111999999999,29.5,20.7,77.0,35.0,56.666666666666664,919.9958333333335,24.84166666666667
2018-02-15,1.9198982777132358,80.47475999999997,28.6,18.6,78.0,42.0,57.875,921.1958333333333,23.870833333333334
2018-02-16,1.5610674494505388,76.51187999999998,28.7,19.1,90.0,40.0,64.5,921.5375000000003,23.337500000000006
2018-02-17,1.515063497109167,72.7794,28.7,19.0,82.0,44.0,64.125,919.7291666666669,23.172916666666666
2018-02-18,1.395453221021601,87.27011999999999,30.6,19.6,81.0,39.0,62.291666666666664,917.3541666666666,24.10416666666667
2018-02-19,1.3463823385241385,45.52776,28.3,20.8,90.0,53.0,70.54166666666667,915.9208333333335,23.6625
2018-02-20,0.8955436055786979,62.63639999999998,28.6,19.2,91.0,54.0,81.29166666666667,915.9208333333335,22.183333333333337
2018-02-21,0.9078113262030639,61.19675999999998,28.3,19.6,91.0,59.0,82.08333333333333,915.3541666666669,22.591666666666665
2018-02-22,0.7636656088667665,32.788079999999994,25.3,19.2,92.0,69.0,87.625,915.5124999999998,20.983333333333334
2018-02-23,0.5888505899695549,56.22156,27.7,18.7,92.0,53.0,80.66666666666667,916.8083333333334,21.727083333333333
2018-02-24,1.4935949860165272,67.46904,29.1,18.7,93.0,49.0,77.25,917.6208333333334,22.895833333333336
2018-02-25,1.5273312177335328,62.27819999999999,28.2,18.5,92.0,54.0,76.41666666666667,918.4000000000001,22.227083333333333
2018-02-26,1.3923862908655098,57.51756,29.2,20.1,89.0,52.0,75.70833333333333,918.4166666666669,22.647916666666667
2018-02-27,1.1040948561929154,79.80192,29.6,19.6,89.0,48.0,70.54166666666667,918.0291666666666,23.827083333333334
2018-02-28,1.2605082941535786,69.05340000000001,30.6,21.2,83.0,46.0,70.08333333333333,916.8791666666667,24.7375
2018-03-01,1.0028861610418982,87.27696,31.4,19.6,91.0,43.0,69.875,918.6125000000002,24.33125
2018-03-02,0.9875515102614411,51.954480000000004,30.0,20.2,92.0,55.0,79.375,918.5541666666668,23.90208333333333
2018-03-03,1.1194295069733724,64.27296,30.7,19.7,91.0,46.0,75.79166666666667,916.5458333333335,23.989583333333336
2018-03-04,0.9016774658908806,59.909399999999984,29.8,20.6,90.0,53.0,77.875,914.6958333333332,23.710416666666667
2018-03-05,1.0335554626028125,66.8322,29.2,18.9,93.0,53.0,82.66666666666667,914.2125,22.74166666666667
2018-03-06,0.8342050024568692,77.03963999999999,31.8,19.4,93.0,41.0,73.79166666666667,914.2625000000003,24.447916666666668
2018-03-07,1.1531657386903782,72.71387999999999,29.8,20.1,92.0,48.0,74.25,914.8708333333334,24.241666666666667
2018-03-08,1.0887602054124583,79.64208,30.2,19.8,93.0,47.0,77.29166666666667,914.9708333333334,23.75625
2018-03-09,0.8250042119885951,23.49468,24.7,19.4,93.0,68.0,87.25,916.3041666666668,21.472916666666666
2018-03-10,0.9323467674517953,51.79427999999999,27.5,20.2,92.0,60.0,82.58333333333333,915.8583333333332,22.54791666666667
2018-03-11,0.9538152785444352,36.79955999999999,26.8,19.7,93.0,66.0,87.54166666666667,914.2041666666665,22.00208333333333
2018-03-12,0.8802089547982407,77.01227999999999,30.4,19.1,93.0,40.0,75.25,913.8625000000001,23.789583333333333
2018-03-13,0.6747246343401149,83.17368,31.6,19.3,91.0,39.0,65.54166666666667,915.2791666666664,25.208333333333336
2018-03-14,1.337181548055864,78.91524,31.6,21.7,88.0,44.0,68.16666666666667,917.7125000000001,25.70833333333333
2018-03-15,1.2451736433731209,89.45244,31.5,21.1,89.0,39.0,62.833333333333336,918.2041666666669,26.391666666666662
2018-03-16,1.1531657386903782,69.93539999999999,31.0,18.6,93.0,45.0,70.25,917.7458333333333,24.68541666666667
2018-03-17,0.8372719326129607,55.582199999999986,29.3,19.2,92.0,50.0,81.25,917.2208333333334,22.21875
2018-03-18,1.278909875090127,75.76667999999998,29.4,19.0,92.0,45.0,73.125,916.2374999999997,23.145833333333336
2018-03-19,1.0979609958807326,80.86175999999999,30.7,19.1,89.0,36.0,67.04166666666667,915.9333333333334,24.43125
2018-03-20,0.7483309580863095,78.24744000000001,29.7,19.1,92.0,41.0,71.54166666666667,916.5083333333337,23.879166666666666
2018-03-21,0.5980513804378291,38.64995999999999,28.1,20.2,90.0,53.0,74.70833333333333,916.9625000000001,23.016666666666666
2018-03-22,0.6931262152766637,47.46996000000001,28.9,19.3,92.0,51.0,81.5,916.8874999999999,22.122916666666672
2018-03-23,1.530398147889624,69.37523999999998,28.4,18.1,92.0,55.0,76.125,917.8583333333335,22.347916666666666
2018-03-24,2.011906182395979,62.4726,26.8,19.3,80.0,45.0,67.75,919.4625000000002,22.375
2018-03-25,2.0824455759860823,68.66712,27.9,18.9,83.0,53.0,69.75,919.7249999999998,22.37291666666667
2018-03-26,1.9106974872449614,85.2696,27.5,19.2,81.0,40.0,65.16666666666667,919.8125000000001,22.708333333333336
2018-03-27,1.7113470270990192,70.55352,27.9,19.1,81.0,37.0,62.333333333333336,920.5374999999999,22.60208333333333
2018-03-28,1.5580005192944473,69.10235999999998,27.6,17.3,86.0,45.0,64.29166666666667,920.2166666666666,22.37291666666667
2018-03-29,1.8248234428744017,76.1688,27.6,18.7,82.0,41.0,64.41666666666667,919.5416666666666,22.733333333333334
2018-03-30,1.702146236630745,80.1198,28.1,17.7,86.0,38.0,65.16666666666667,918.6833333333333,22.472916666666663
2018-03-31,1.5672013097627218,73.80539999999999,27.9,18.6,82.0,42.0,65.79166666666667,918.0833333333335,22.583333333333336
2018-04-01,1.3095791766510416,79.18379999999999,28.7,17.9,81.0,40.0,64.20833333333333,916.9958333333333,22.870833333333337
2018-04-02,1.1408980180660127,62.81352,29.1,19.1,83.0,47.0,66.41666666666667,916.2708333333334,23.6125
2018-04-03,0.9476814182322524,61.982279999999996,30.2,19.1,88.0,46.0,70.45833333333333,914.4666666666668,24.129166666666666
2018-04-04,0.8710081643299665,67.37508000000001,30.0,19.8,91.0,45.0,74.5,914.4916666666667,23.572916666666664
2018-04-05,1.1316972275977384,68.40575999999999,30.5,18.9,91.0,44.0,75.875,914.8625000000002,23.181249999999995
2018-04-06,1.5856028906992699,45.712799999999994,26.1,19.3,92.0,50.0,77.04166666666667,916.3083333333334,21.61041666666667
2018-04-07,1.6132052621040929,59.9202,28.5,18.6,84.0,45.0,68.75,917.9583333333334,22.5625
2018-04-08,1.7880202810013046,61.77024,27.7,19.3,85.0,49.0,69.875,919.1958333333333,22.56458333333333
2018-04-09,1.7665517699086641,60.252840000000006,27.0,18.9,84.0,47.0,68.83333333333333,919.9125,22.12083333333333
2018-04-10,1.8800281856840475,74.48364000000001,27.0,19.1,82.0,44.0,66.125,920.4708333333333,22.2125
2018-04-11,1.8738943253718645,63.36288,26.6,18.2,82.0,45.0,65.0,920.7833333333332,21.695833333333333
2018-04-12,2.1407172489518196,43.5744,26.5,17.9,78.0,51.0,67.16666666666667,921.4583333333331,20.75416666666667
2018-04-13,1.7236147477233845,56.50452000000001,26.7,18.0,84.0,50.0,69.70833333333333,921.8833333333332,21.608333333333334
2018-04-14,1.4138548019581498,68.157,29.3,16.5,90.0,40.0,66.16666666666667,922.3833333333332,22.543750000000003
2018-04-15,1.4291894527386069,41.40828,27.4,19.3,81.0,50.0,66.54166666666667,922.5999999999999,22.508333333333333
2018-04-16,2.266461385351568,41.27147999999999,24.4,18.9,80.0,59.0,70.625,921.9708333333334,20.96666666666667
2018-04-17,2.0395085538008013,60.66755999999999,24.8,17.2,77.0,45.0,63.25,923.15,20.179166666666667
2018-04-18,1.9812368808350642,68.02632,24.9,14.7,84.0,45.0,64.20833333333333,924.7333333333332,19.347916666666666
2018-04-19,1.1961027608756583,55.88711999999999,24.6,14.9,86.0,49.0,69.70833333333333,923.9791666666666,19.335416666666667
2018-04-20,1.0335554626028125,63.450359999999996,27.3,15.0,88.0,34.0,64.83333333333333,921.6041666666669,20.897916666666667
2018-04-21,1.7726856302208474,52.37964,25.1,17.5,79.0,50.0,68.70833333333333,919.7375000000001,20.485416666666666
2018-04-22,2.011906182395979,59.73408,25.5,16.8,81.0,46.0,66.66666666666667,920.0875,20.110416666666666
2018-04-23,1.947500649118059,55.79208,24.8,16.0,81.0,49.0,66.20833333333333,921.3416666666668,19.87291666666667
2018-04-24,1.9137644174010533,50.56776,25.9,17.3,83.0,51.0,70.0,922.1291666666666,20.639583333333334
2018-04-25,1.7450832588160243,51.008039999999994,26.1,16.9,89.0,50.0,70.91666666666667,922.504166666667,21.020833333333336
2018-04-26,1.6837446556941957,69.14304000000001,27.5,17.5,87.0,43.0,67.0,921.4250000000001,22.070833333333333
2018-04-27,1.7788194905330301,70.51788,27.9,18.5,81.0,40.0,64.375,921.1583333333333,22.422916666666673
2018-04-28,1.4506579638312476,58.58244,27.6,17.3,87.0,38.0,66.375,921.9499999999999,21.745833333333337
2018-04-29,1.4598587542995214,66.77856,26.7,16.3,86.0,41.0,65.33333333333333,921.5375000000003,21.135416666666668
2018-04-30,1.3954532210216017,70.23743999999999,27.2,17.0,74.0,36.0,58.083333333333336,921.5166666666665,21.152083333333334
2018-05-01,0.6839254248083891,61.83324,28.4,14.9,84.0,30.0,55.166666666666664,921.5833333333334,21.381249999999994
2018-05-02,1.1930358307195672,71.55972000000001,27.9,13.9,83.0,22.0,52.916666666666664,922.1791666666667,20.895833333333336
2018-05-03,1.309579176651041,68.29812,28.5,16.6,70.0,31.0,51.208333333333336,921.7708333333335,21.6625
2018-05-04,1.43532331305079,67.52879999999998,28.2,16.6,81.0,36.0,58.916666666666664,921.5,21.91875
2018-05-05,1.441457173362973,68.16672,28.4,17.9,82.0,37.0,63.125,922.0458333333332,22.312500000000004
2018-05-06,1.0059530911979895,53.6832,27.8,15.6,91.0,42.0,70.75,922.375,21.077083333333334
2018-05-07,1.312646106807133,46.45691999999999,25.9,15.7,87.0,43.0,66.125,922.4791666666665,20.587499999999995
2018-05-08,0.9538152785444353,43.41636,26.0,14.9,88.0,47.0,68.33333333333333,921.8916666666668,19.84375
2018-05-09,1.5089296367969844,44.46396,25.5,14.8,89.0,47.0,67.79166666666667,922.3416666666667,19.775000000000002
2018-05-10,1.3893193607094187,66.01392,25.0,12.9,90.0,45.0,69.41666666666667,922.0833333333334,18.62916666666667
2018-05-11,0.8832758849543324,65.10347999999999,27.7,14.5,85.0,36.0,63.375,921.3666666666664,20.28333333333333
2018-05-12,0.7851341199594063,62.286120000000004,29.1,15.4,90.0,31.0,64.04166666666667,919.2124999999997,21.24791666666667
2018-05-13,0.5520474280964577,42.660720000000005,28.3,17.4,82.0,32.0,64.08333333333333,919.0999999999999,21.443749999999998
2018-05-14,2.0609770648934416,55.07136,26.7,19.0,79.0,45.0,66.41666666666667,920.6916666666667,21.950000000000003
2018-05-15,1.7174808874112018,49.19112,26.5,18.1,80.0,44.0,66.875,921.066666666667,21.01875
2018-05-16,1.1623665291586525,60.697439999999986,28.0,17.3,85.0,42.0,66.875,919.7625000000002,21.654166666666665
2018-05-17,0.9476814182322524,49.55652,26.6,16.8,90.0,54.0,72.08333333333333,919.4625,21.310416666666672
2018-05-18,1.389319360709418,43.65072,27.0,18.8,82.0,47.0,70.29166666666667,919.6208333333333,21.666666666666668
2018-05-19,1.4567918241434301,45.02159999999999,28.6,17.4,90.0,46.0,76.58333333333333,917.5541666666669,20.610416666666666
2018-05-20,1.5273312177335328,32.20956,19.1,12.5,93.0,45.0,77.08333333333333,916.7541666666666,16.552083333333336
2018-05-21,0.5,66.48084,24.4,8.7,92.0,21.0,62.083333333333336,919.2291666666669,15.447916666666664
2018-05-22,0.5,64.97171999999999,26.2,9.8,88.0,34.0,61.25,920.9041666666666,17.518750000000004
2018-05-23,0.6747246343401149,64.11528,27.1,13.7,92.0,30.0,64.83333333333333,922.0541666666668,19.68125
2018-05-24,1.6622761446015561,47.341440000000006,24.6,14.8,86.0,52.0,70.04166666666667,924.3083333333334,19.014583333333334
2018-05-25,1.8646935349035907,49.06079999999999,23.7,15.3,83.0,54.0,71.70833333333333,923.8541666666665,18.65625
2018-05-26,1.3341146178997727,49.36464,24.7,13.4,92.0,52.0,75.45833333333333,923.3375000000002,17.910416666666666
2018-05-27,1.5303981478896242,58.92768,24.9,13.9,89.0,43.0,69.54166666666667,924.3166666666667,18.49375
2018-05-28,1.6714769350698304,63.190799999999996,24.7,12.4,89.0,33.0,64.625,924.975,18.354166666666664
2018-05-29,1.9045636269327793,60.028560000000006,23.9,13.9,81.0,40.0,62.333333333333336,925.1416666666669,18.191666666666663
2018-05-30,1.0458231832271783,57.12336,25.0,11.6,90.0,32.0,63.583333333333336,923.6416666666665,17.47083333333333
2018-05-31,1.4046540114898758,49.19832,24.4,12.7,89.0,33.0,61.666666666666664,921.0833333333334,17.797916666666666
2018-06-01,0.9354136976078867,40.4514,24.8,15.8,76.0,36.0,59.208333333333336,920.4541666666665,19.360416666666666
2018-06-02,0.6409884026231091,56.6856,27.2,13.1,91.0,31.0,61.541666666666664,921.4583333333334,20.043750000000003
2018-06-03,0.5,53.51219999999999,28.8,13.6,88.0,32.0,58.583333333333336,922.5124999999999,20.766666666666666
2018-06-04,1.7481501889721163,41.701319999999996,24.7,17.3,80.0,51.0,66.25,923.5833333333334,20.197916666666664
2018-06-05,1.229838992592664,55.27908,25.6,15.6,81.0,44.0,67.66666666666667,920.8916666666664,19.308333333333334
2018-06-06,1.2390397830609385,51.23304000000001,26.6,15.4,90.0,44.0,68.375,918.3125,20.410416666666666
2018-06-07,0.5735159391890975,39.768480000000004,27.3,15.8,87.0,44.0,66.0,919.725,21.137499999999996
2018-06-08,0.512177336067269,45.255599999999994,26.4,16.3,91.0,41.0,68.33333333333333,921.0166666666668,21.168750000000003
2018-06-09,1.1255633672855554,44.104319999999994,26.7,15.3,91.0,55.0,75.33333333333333,922.6333333333333,20.26875
2018-06-10,1.7880202810013046,52.443,26.3,17.2,84.0,49.0,72.20833333333333,922.7791666666668,20.333333333333336
2018-06-11,1.1592995990025607,45.49212,26.2,16.5,85.0,48.0,71.75,921.7875000000003,19.920833333333334
2018-06-12,0.6961931454327549,41.10048,27.9,15.1,90.0,40.0,67.79166666666667,921.1458333333335,20.816666666666666
2018-06-13,0.653256123247475,57.61368,29.0,15.7,90.0,33.0,64.91666666666667,921.3208333333333,21.643750000000004
2018-06-14,0.9415475579200694,51.38604,29.7,16.1,90.0,32.0,65.0,921.9291666666668,22.072916666666664
2018-06-15,1.7849533508452133,48.57984,26.0,18.3,80.0,44.0,65.16666666666667,923.7624999999999,21.233333333333334
2018-06-16,1.8064218619378534,57.026160000000004,25.9,16.5,75.0,39.0,61.0,924.6750000000001,20.114583333333332
2018-06-17,1.4690595447677957,43.63308,25.2,14.2,89.0,43.0,68.16666666666667,925.9791666666665,19.093749999999996
2018-06-18,1.1194295069733728,50.34383999999999,24.4,13.1,92.0,43.0,70.45833333333333,926.5,18.570833333333333
2018-06-19,1.6316068430406414,32.22468000000001,22.0,14.0,89.0,58.0,73.875,926.6791666666664,17.608333333333334
2018-06-20,1.5948036811675443,57.19608000000001,25.6,15.0,82.0,42.0,68.33333333333333,925.9958333333333,18.425
2018-06-21,0.9231459769835209,58.405319999999996,26.6,11.9,91.0,31.0,62.5,924.3833333333333,18.695833333333333
2018-06-22,0.7575317485545835,56.14343999999999,27.5,13.4,89.0,27.0,59.291666666666664,922.9750000000004,19.929166666666667
2018-06-23,1.5119965669530762,52.644960000000005,27.3,17.4,73.0,32.0,56.25,922.1166666666668,21.179166666666667
2018-06-24,1.2574413639974873,27.833040000000004,26.2,18.3,76.0,40.0,66.20833333333333,922.7374999999998,20.456249999999997
2018-06-25,1.1224964371294641,51.70608,25.8,14.1,90.0,39.0,66.08333333333333,921.5749999999999,19.710416666666667
2018-06-26,1.165433459314744,40.90212,26.9,18.3,79.0,33.0,62.125,921.0041666666667,21.172916666666666
2018-06-27,1.1685003894708352,41.35032,26.9,17.2,77.0,27.0,56.75,921.7375000000001,21.400000000000002
2018-06-28,1.6377407033528246,46.80252,24.7,15.4,80.0,34.0,58.541666666666664,922.9541666666665,19.570833333333333
2018-06-29,1.551866658982264,49.953599999999994,23.9,15.9,70.0,38.0,56.458333333333336,922.5541666666667,19.116666666666664
2018-06-30,1.1224964371294641,52.952760000000005,26.0,14.4,85.0,34.0,61.791666666666664,920.3333333333334,19.660416666666663
2018-07-01,1.358650059148504,59.95871999999999,27.0,15.7,83.0,31.0,61.875,919.8249999999999,20.410416666666666
2018-07-02,0.7360632374619437,54.50688,27.6,14.0,89.0,28.0,61.125,920.0791666666664,20.12291666666667
2018-07-03,0.8188703516764123,54.20988,28.1,13.5,90.0,25.0,59.375,920.1958333333336,20.445833333333333
2018-07-04,0.9875515102614408,59.416199999999996,27.0,13.8,87.0,29.0,59.375,921.1708333333332,19.956250000000004
2018-07-05,1.3402484782119557,51.505199999999995,25.8,16.1,74.0,34.0,56.333333333333336,922.7041666666668,19.941666666666666
2018-07-06,1.0795594149441838,60.42564,27.0,13.1,85.0,25.0,56.833333333333336,922.808333333333,19.5875
2018-07-07,1.2513075036853036,60.52392,26.2,13.5,80.0,27.0,52.541666666666664,922.0500000000001,19.527083333333337
2018-07-08,0.6593899835596579,58.98924,27.4,12.6,85.0,31.0,57.041666666666664,921.2291666666665,19.61875
2018-07-09,0.6563230534035664,57.85776,28.6,13.9,87.0,24.0,54.458333333333336,921.0666666666666,20.72291666666667
2018-07-10,0.7421970977741262,54.91512,27.9,14.2,80.0,28.0,52.041666666666664,920.5166666666668,20.68333333333333
2018-07-11,0.9476814182322523,44.3736,25.3,14.8,88.0,42.0,64.875,921.2999999999998,19.59791666666667
2018-07-12,0.9078113262030636,52.49699999999999,26.1,12.7,86.0,35.0,64.95833333333333,923.2708333333335,18.59583333333333
2018-07-13,1.4230555924264243,51.89363999999999,25.7,15.3,83.0,39.0,66.54166666666667,923.1291666666666,19.279166666666665
2018-07-14,0.9507483483883435,46.88964000000001,26.4,13.9,88.0,31.0,64.91666666666667,922.3708333333334,19.36875
2018-07-15,1.2758429449340356,60.89508,26.5,13.3,90.0,27.0,61.916666666666664,923.1666666666669,19.183333333333334
2018-07-16,0.9384806277639781,57.45599999999999,26.6,12.9,84.0,35.0,59.25,924.5125000000003,19.152083333333337
2018-07-17,1.4445241035190641,56.27592,26.4,13.1,89.0,36.0,65.25,924.7916666666665,19.18541666666667
2018-07-18,1.8861620459962307,55.052279999999996,25.2,15.9,81.0,36.0,60.375,924.525,19.704166666666666
2018-07-19,1.2819768052462182,62.63027999999999,26.4,14.6,81.0,36.0,60.708333333333336,923.0625,19.420833333333334
2018-07-20,1.1163625768172811,63.707759999999986,26.7,13.3,84.0,28.0,55.708333333333336,922.3041666666664,19.84791666666667
2018-07-21,0.8771420246421494,62.20835999999999,28.2,14.0,83.0,28.0,55.916666666666664,921.9083333333334,20.775000000000002
2018-07-22,1.9444337189619672,60.67224,25.4,16.4,79.0,37.0,59.333333333333336,922.9708333333334,19.93958333333333
2018-07-23,1.4199886622703326,55.598040000000005,24.9,14.6,77.0,34.0,60.125,924.7416666666667,18.88125
2018-07-24,1.5027957764848014,64.02132,25.8,12.6,85.0,35.0,60.291666666666664,924.9499999999999,18.914583333333333
2018-07-25,1.9597683697424249,64.161,25.0,14.5,71.0,29.0,53.875,925.6333333333333,18.79375
2018-07-26,1.656142284289373,60.40152,24.2,12.5,83.0,35.0,59.375,925.3625000000001,18.352083333333333
2018-07-27,1.4874611257043444,61.43435999999999,25.5,14.8,73.0,31.0,56.958333333333336,924.0666666666665,18.989583333333332
2018-07-28,1.1255633672855554,64.15380000000002,26.8,12.9,83.0,28.0,54.958333333333336,922.7041666666664,19.41041666666667
2018-07-29,1.272776014777944,64.42128,27.2,14.9,75.0,24.0,55.333333333333336,921.3208333333333,19.929166666666667
2018-07-30,0.7697994691789494,63.659519999999986,27.9,14.2,80.0,27.0,55.208333333333336,920.0041666666666,20.40208333333333
2018-07-31,1.045823183227178,47.54771999999999,29.7,15.1,81.0,28.0,52.916666666666664,919.2333333333332,21.514583333333334
2018-08-01,1.4629256844556127,49.38335999999998,26.3,15.4,84.0,45.0,64.41666666666667,919.3625000000001,20.26875
2018-08-02,1.7021462366307445,34.490880000000004,23.8,17.2,88.0,55.0,75.125,920.7875,19.268749999999997
2018-08-03,1.8738943253718645,45.59076000000001,26.3,15.2,87.0,46.0,71.70833333333333,919.8541666666669,19.391666666666666
2018-08-04,0.7513978882424007,26.361720000000002,22.1,16.2,92.0,68.0,85.625,919.2083333333334,18.127083333333335
2018-08-05,0.5,43.665839999999996,26.1,14.9,93.0,48.0,76.54166666666667,918.9666666666667,19.556250000000002
2018-08-06,1.0948940657246409,34.05312,25.5,16.8,89.0,57.0,72.625,920.7208333333333,21.102083333333333
2018-08-07,1.3647839194606872,44.61300000000001,25.9,16.2,93.0,55.0,78.125,922.1041666666666,20.022916666666664
2018-08-08,1.6530753541332814,67.49423999999999,28.4,17.1,87.0,33.0,65.79166666666667,922.9749999999999,21.80625
2018-08-09,1.2206382021243896,36.41112,25.4,17.9,80.0,51.0,68.375,921.2583333333333,20.90625
2018-08-10,0.9078113262030636,48.267360000000004,27.7,16.6,87.0,42.0,67.54166666666667,918.8666666666667,21.362500000000004
2018-08-11,1.0580909038515438,74.60459999999999,27.6,13.2,74.0,12.0,41.5,919.4666666666667,20.7375
2018-08-12,0.6900592851205721,74.04084,28.1,10.3,72.0,12.0,37.583333333333336,920.2875,19.233333333333334
2018-08-13,0.8894097452665151,72.50363999999999,26.9,10.5,84.0,26.0,53.583333333333336,920.1208333333333,18.854166666666664
2018-08-14,1.1102287165050986,72.73584,28.2,11.8,84.0,19.0,51.5,920.0333333333333,19.89375
2018-08-15,1.5917367510114533,70.67232,29.9,16.7,70.0,14.0,49.25,920.2625000000002,21.768749999999997
2018-08-16,2.2357920837906535,46.72404,24.2,17.2,69.0,48.0,60.666666666666664,923.4000000000001,19.943749999999998
2018-08-17,1.6592092144454647,35.55215999999999,23.6,15.7,89.0,49.0,70.41666666666667,925.6749999999997,18.8125
2018-08-18,1.9198982777132363,57.16152,23.6,15.0,87.0,47.0,71.58333333333333,924.9416666666666,17.99791666666667
2018-08-19,1.6469414938210987,66.15252,25.8,15.2,80.0,34.0,63.375,924.4583333333334,19.229166666666668
2018-08-20,1.742016328659933,75.5802,26.9,15.4,78.0,26.0,53.666666666666664,924.9,20.327083333333334
2018-08-21,1.4935949860165272,72.42804,26.0,13.6,73.0,28.0,50.541666666666664,924.7125,19.83541666666667
2018-08-22,1.5825359605431786,66.80268000000001,26.4,15.3,64.0,26.0,47.791666666666664,923.6875000000001,20.210416666666667
2018-08-23,1.7481501889721163,64.33200000000001,26.8,16.3,78.0,34.0,54.208333333333336,921.6624999999999,20.927083333333336
2018-08-24,1.916831347557145,74.35943999999999,27.5,17.5,67.0,37.0,53.416666666666664,921.4041666666667,21.735416666666666
2018-08-25,1.4843941955482531,50.056200000000004,27.5,16.8,75.0,32.0,56.458333333333336,921.6625,21.36875
2018-08-26,1.2789098750901269,59.15267999999999,28.9,17.6,79.0,33.0,58.541666666666664,922.5166666666669,22.539583333333333
2018-08-27,2.2357920837906535,54.173519999999996,24.3,17.0,79.0,50.0,66.70833333333333,923.6625000000004,19.977083333333333
2018-08-28,1.8524258142792247,41.26608,22.3,13.5,87.0,51.0,68.29166666666667,925.5291666666667,18.40208333333333
2018-08-29,2.410607102687866,62.986319999999985,25.0,16.4,80.0,42.0,64.75,925.3291666666665,19.522916666666664
2018-08-30,2.024173903020345,57.2706,26.7,16.0,83.0,35.0,64.04166666666667,923.1750000000002,19.74791666666667
2018-08-31,1.6193391224162756,80.39124000000001,27.7,16.0,75.0,28.0,54.541666666666664,920.8000000000001,20.74375
2018-09-01,1.4445241035190644,78.52176,30.4,15.9,67.0,26.0,46.541666666666664,919.8833333333333,22.37708333333333
2018-09-02,1.7634848397525733,79.83395999999998,28.4,17.7,61.0,37.0,50.041666666666664,919.3875000000002,22.635416666666664
2018-09-03,1.4230555924264243,71.22527999999998,31.3,18.2,69.0,25.0,47.541666666666664,917.1500000000001,23.631250000000005
2018-09-04,1.7849533508452133,68.87267999999999,26.5,16.2,90.0,25.0,50.666666666666664,914.9749999999998,21.897916666666664
2018-09-05,1.4383902432068814,83.30364,27.2,12.9,65.0,15.0,41.916666666666664,918.8125,19.752083333333335
2018-09-06,2.036441623644711,82.15056,28.5,14.4,66.0,24.0,48.208333333333336,921.9833333333335,20.335416666666667
2018-09-07,1.9444337189619672,83.45520000000002,29.4,15.7,76.0,19.0,51.541666666666664,922.5374999999999,21.645833333333336
2018-09-08,1.6653430747576472,86.79456000000002,27.2,14.0,76.0,18.0,49.333333333333336,921.7833333333333,20.37708333333333
2018-09-09,1.9444337189619678,87.88968,28.8,15.1,67.0,17.0,45.375,921.2666666666669,20.81041666666667
2018-09-10,1.7512171191282073,77.63471999999999,29.1,16.5,59.0,25.0,45.333333333333336,920.3750000000001,21.554166666666664
2018-09-11,1.656142284289373,77.37551999999998,30.7,17.4,63.0,20.0,46.291666666666664,918.9041666666667,22.577083333333334
2018-09-12,2.5332843089315222,65.81664,27.3,17.2,75.0,40.0,58.875,920.1124999999998,21.389583333333334
2018-09-13,2.6835638865800027,78.93755999999999,26.9,16.6,78.0,39.0,62.041666666666664,920.3249999999997,20.479166666666668
2018-09-14,1.9781699506789734,73.50408,29.1,15.9,79.0,33.0,59.791666666666664,918.0,20.731250000000003
2018-09-15,0.5581812884086406,21.90276,21.9,16.2,92.0,56.0,84.66666666666667,917.3375000000001,18.579166666666666
2018-09-16,0.5,43.98659999999999,26.6,16.6,93.0,51.0,80.125,917.1833333333334,20.393750000000004
2018-09-17,1.0519570435393608,27.696599999999993,23.1,18.5,91.0,65.0,78.41666666666667,918.0458333333332,20.84583333333333
2018-09-18,0.5,30.94776,25.3,17.5,91.0,57.0,76.91666666666667,918.1416666666668,20.664583333333336
2018-09-19,0.7360632374619436,58.479479999999995,29.7,18.6,90.0,40.0,69.125,918.8583333333336,22.643750000000004
2018-09-20,0.7452640279302178,28.54116,25.7,18.6,87.0,55.0,70.45833333333333,920.1,21.839583333333334
2018-09-21,1.1899689005634757,54.76031999999999,28.4,18.7,90.0,43.0,75.33333333333333,919.1958333333333,21.77916666666667
2018-09-22,0.9200790468274295,81.43091999999999,31.3,17.6,91.0,32.0,63.583333333333336,917.6374999999999,23.727083333333333
2018-09-23,1.8033549317817616,83.45556,31.0,19.5,78.0,33.0,56.166666666666664,918.0375000000003,24.391666666666673
2018-09-24,1.683744655694196,84.879,31.9,20.5,68.0,27.0,50.5,918.1875000000003,25.37083333333333
2018-09-25,2.1959219917614647,91.82375999999998,30.8,20.9,57.0,31.0,44.083333333333336,917.9541666666665,25.09791666666667
2018-09-26,1.9413667888058759,88.93943999999999,29.1,18.8,70.0,35.0,49.708333333333336,918.2833333333334,23.616666666666667
2018-09-27,1.75735097944039,87.99300000000001,31.3,18.6,70.0,33.0,49.5,917.3624999999998,24.53125
2018-09-28,1.558000519294448,61.797599999999996,31.9,21.9,61.0,30.0,48.541666666666664,917.3541666666669,25.87083333333333
2018-09-29,2.340067709097762,68.60268,30.3,20.7,81.0,43.0,63.916666666666664,918.0499999999998,24.031250000000007
2018-09-30,2.162185760044459,36.81251999999999,26.2,20.4,82.0,57.0,69.125,918.1,22.968750000000004
2018-10-01,1.6898785160063785,68.42268000000001,30.2,18.2,91.0,38.0,63.625,918.3624999999998,23.452083333333334
2018-10-02,1.3463823385241385,81.94823999999998,30.7,18.1,91.0,34.0,69.29166666666667,918.6583333333333,22.700000000000003
2018-10-03,1.131697227597738,89.15183999999999,32.6,18.5,86.0,27.0,56.291666666666664,917.5916666666667,25.104166666666664
2018-10-04,1.3157130369632244,70.77311999999999,33.9,20.8,71.0,27.0,50.833333333333336,917.5499999999998,26.40416666666667
2018-10-05,2.0425754839568935,71.77104,30.8,20.8,81.0,41.0,62.041666666666664,918.1958333333333,25.058333333333337
2018-10-06,2.3063314773807564,47.29715999999999,26.8,20.4,79.0,51.0,68.95833333333333,918.9749999999998,22.77708333333333
2018-10-07,1.9781699506789734,39.31092,25.0,19.1,85.0,56.0,70.91666666666667,920.3833333333332,20.729166666666664
2018-10-08,1.9659022300546074,76.3524,30.3,18.8,79.0,36.0,61.25,919.2958333333332,23.43125
2018-10-09,1.7481501889721163,63.01620000000001,31.1,19.6,64.0,34.0,52.791666666666664,917.9250000000001,23.99166666666666
2018-10-10,1.4015870813337836,63.29663999999998,32.0,22.0,66.0,26.0,49.958333333333336,916.9625000000001,25.735416666666673
2018-10-11,1.965902230054608,70.09560000000002,32.3,23.3,56.0,32.0,48.291666666666664,917.8958333333334,26.47083333333334
2018-10-12,2.416740963000048,58.43412,28.5,22.0,69.0,47.0,59.458333333333336,919.6791666666668,24.545833333333334
2018-10-13,1.419988662270333,91.80144,33.8,20.0,70.0,28.0,50.375,918.3000000000002,25.929166666666664
2018-10-14,1.0826263451002753,81.44388,34.8,20.2,88.0,27.0,54.583333333333336,916.3000000000001,26.956249999999997
2018-10-15,1.321846897275407,42.81912,29.5,20.9,88.0,51.0,72.29166666666667,915.6041666666669,24.27083333333333
2018-10-16,1.738949398503842,88.76231999999997,29.7,19.2,89.0,47.0,71.29166666666667,916.1875,23.629166666666663
2018-10-17,1.6561422842893734,48.58235999999999,29.0,21.7,77.0,48.0,67.91666666666667,917.9000000000002,24.222916666666663
2018-10-18,1.2421067132170298,43.63596,28.5,17.8,92.0,52.0,76.83333333333333,917.3166666666666,22.53333333333333
2018-10-19,0.9415475579200694,44.445600000000006,28.3,18.9,92.0,49.0,81.83333333333333,914.7208333333333,21.877083333333335
2018-10-20,2.0456424141129848,70.22088,26.9,18.9,92.0,43.0,66.0,915.7624999999998,21.831250000000004
2018-10-21,2.2081897123858307,78.54768000000001,24.7,15.9,75.0,48.0,62.375,917.8958333333331,19.833333333333332
2018-10-22,1.7696187000647559,100.43676,27.7,15.2,82.0,37.0,62.708333333333336,919.3541666666666,20.5375
2018-10-23,1.6806777255381045,103.00679999999998,30.0,16.9,80.0,30.0,58.958333333333336,918.8541666666666,22.43541666666666
2018-10-24,1.453724893987339,71.90784,30.8,20.0,89.0,30.0,56.75,918.3416666666667,23.8625
2018-10-25,1.15623266884647,50.26248,26.8,18.3,92.0,60.0,81.75,918.0874999999997,21.264583333333334
2018-10-26,0.8403388627690522,67.04639999999999,28.9,19.2,92.0,49.0,77.33333333333333,915.4875000000002,22.989583333333332
2018-10-27,1.1777011799391095,58.518719999999995,29.7,19.1,92.0,48.0,81.91666666666667,913.5249999999997,22.09583333333333
2018-10-28,1.024354672134538,77.40144,28.3,19.2,92.0,43.0,71.375,914.2249999999999,23.10208333333333
2018-10-29,2.1192487378591793,41.56344,24.4,18.8,89.0,60.0,74.875,917.0541666666668,20.87083333333333
2018-10-30,1.913764417401053,87.71580000000002,29.6,17.6,85.0,46.0,71.625,919.2958333333331,21.977083333333333
2018-10-31,1.515063497109167,71.06868000000001,28.9,18.6,83.0,46.0,67.54166666666667,919.6041666666665,22.991666666666664
2018-11-01,1.6438745636650074,76.8132,31.8,19.0,90.0,37.0,67.83333333333333,917.4874999999998,23.81875
2018-11-02,1.2605082941535786,72.7776,30.5,17.5,90.0,40.0,66.45833333333333,916.495833333333,23.422916666666666
2018-11-03,1.6561422842893727,84.05783999999998,30.9,21.3,79.0,33.0,59.208333333333336,916.0916666666668,25.052083333333336
2018-11-04,0.9783507197931667,44.53343999999999,28.9,20.0,85.0,50.0,68.25,915.2458333333334,23.137500000000003
2018-11-05,1.9198982777132363,37.27764,23.9,19.3,89.0,65.0,78.66666666666667,917.0666666666667,21.04583333333333
2018-11-06,2.48421342643406,53.89704,25.1,18.2,84.0,49.0,70.58333333333333,918.3166666666667,21.00208333333333
2018-11-07,2.2112566425419224,58.786559999999994,27.3,19.2,80.0,48.0,64.0,918.4625,22.535416666666666
2018-11-08,1.8892289761523213,24.121799999999993,23.4,16.5,91.0,62.0,82.41666666666667,919.3124999999999,19.522916666666667
2018-11-09,1.876961255527956,18.477359999999997,17.8,15.1,91.0,84.0,88.54166666666667,920.2375000000001,16.693749999999998
2018-11-10,1.7757525603769388,40.400639999999996,23.3,17.0,89.0,65.0,80.54166666666667,917.4499999999999,19.277083333333337
2018-11-11,1.7512171191282075,74.52792000000001,26.8,16.7,87.0,51.0,72.625,916.6166666666667,21.047916666666666
2018-11-12,1.6377407033528246,74.77703999999999,29.6,18.6,85.0,42.0,67.33333333333333,917.1916666666667,23.116666666666667
2018-11-13,1.901496696776687,86.2236,30.2,19.8,82.0,42.0,63.208333333333336,918.1374999999998,24.202083333333334
2018-11-14,1.6070714017919099,95.09363999999998,31.2,20.5,80.0,38.0,61.833333333333336,916.9208333333335,24.849999999999998
2018-11-15,1.1715673196269272,69.44148,30.2,18.5,93.0,45.0,71.125,915.6583333333334,23.927083333333332
2018-11-16,1.128630297441647,52.31988,28.2,19.3,93.0,55.0,81.91666666666667,917.8708333333335,22.008333333333333
2018-11-17,2.0057723220837964,66.91032,28.1,19.7,87.0,43.0,66.33333333333333,919.6166666666664,23.112499999999997
2018-11-18,1.8922959063084133,86.19515999999999,29.2,20.0,79.0,46.0,64.79166666666667,919.2541666666666,23.37291666666667
2018-11-19,0.6256537518426518,37.47887999999999,25.5,19.2,91.0,65.0,77.95833333333333,917.9791666666669,22.097916666666663
2018-11-20,1.1071617863490069,24.150600000000004,23.5,18.5,91.0,72.0,86.0,918.8208333333332,20.54583333333333
2018-11-21,1.8064218619378534,14.96484,20.5,16.7,92.0,80.0,89.16666666666667,920.3416666666668,18.18541666666667
2018-11-22,2.0088392522398877,60.054840000000006,25.1,16.4,90.0,57.0,76.45833333333333,920.1916666666667,20.191666666666666
2018-11-23,1.8922959063084135,55.16891999999999,26.3,18.8,86.0,55.0,75.20833333333333,918.6250000000001,21.24791666666667
2018-11-24,1.3157130369632246,45.03779999999999,24.5,18.4,91.0,58.0,74.41666666666667,917.9291666666667,21.395833333333332
2018-11-25,1.150098808534287,36.6912,25.3,17.9,92.0,60.0,83.79166666666667,918.3458333333333,19.74791666666667
2018-11-26,1.321846897275407,86.30099999999999,27.5,17.2,91.0,38.0,64.25,918.9416666666666,21.897916666666664
2018-11-27,2.31246533769294,85.8924,27.6,17.4,80.0,33.0,60.291666666666664,919.7249999999998,21.97291666666667
2018-11-28,1.9198982777132363,99.47304,28.1,18.1,81.0,34.0,57.5,919.1041666666666,22.702083333333334
2018-11-29,1.6040044716358188,99.97128000000001,29.4,18.3,74.0,31.0,54.166666666666664,917.6583333333332,23.41041666666667
2018-11-30,1.2513075036853043,96.69096,30.6,18.7,80.0,35.0,56.291666666666664,914.5666666666666,24.743749999999995
2018-12-01,0.766732539022858,21.09528,25.3,19.0,92.0,56.0,83.625,913.5708333333333,21.15625
2018-12-02,0.7575317485545835,43.314119999999996,27.4,19.1,92.0,59.0,86.75,913.0791666666665,21.31666666666667
2018-12-03,1.1531657386903786,44.31384,23.6,18.4,92.0,73.0,86.125,912.9208333333335,20.60625
2018-12-04,1.6684100049137385,86.229,28.1,18.2,87.0,48.0,72.25,912.8458333333332,22.299999999999997
2018-12-05,1.214504341812207,85.75452000000001,30.5,19.0,85.0,37.0,65.83333333333333,914.0166666666665,24.027083333333334
2018-12-06,1.2881106655584014,97.26443999999998,31.9,17.9,90.0,37.0,67.04166666666667,916.3041666666664,24.76875
2018-12-07,0.7943349104276809,52.40916,28.5,17.0,93.0,61.0,81.16666666666667,917.4416666666666,22.54375
2018-12-08,2.011906182395979,87.49727999999999,26.7,18.3,92.0,45.0,68.875,917.6125000000001,22.18541666666667
2018-12-09,2.640626864394723,70.73316000000001,23.2,15.8,80.0,52.0,68.25,922.3249999999999,19.170833333333334
2018-12-10,1.7880202810013046,93.11760000000001,27.4,15.9,83.0,42.0,66.66666666666667,924.6541666666667,20.741666666666667
2018-12-11,1.67147693506983,85.27032000000001,28.4,17.8,83.0,43.0,66.29166666666667,923.7083333333331,22.34583333333334
2018-12-12,1.7757525603769382,108.88380000000001,30.3,19.5,81.0,37.0,61.208333333333336,921.7583333333336,24.325
2018-12-13,0.8587404437056009,90.47231999999998,31.2,18.8,86.0,32.0,62.791666666666664,920.2624999999999,23.964583333333337
2018-12-14,1.0335554626028123,90.14219999999997,31.5,19.9,80.0,25.0,54.833333333333336,920.0458333333332,25.079166666666666
2018-12-15,1.5825359605431786,105.18624000000003,32.0,21.4,66.0,29.0,49.0,921.475,26.397916666666667
2018-12-16,1.8033549317817623,96.24419999999999,30.8,21.4,73.0,33.0,54.625,921.6166666666667,25.852083333333333
2018-12-17,1.901496696776687,105.10812,30.5,20.6,68.0,33.0,51.333333333333336,920.7458333333334,25.135416666666664
2018-12-18,1.251307503685304,95.89392000000001,32.6,20.4,69.0,35.0,52.875,919.9500000000002,26.083333333333336
2018-12-19,1.1439649482221041,90.6156,33.1,21.5,82.0,34.0,56.833333333333336,918.3333333333335,27.168750000000003
2018-12-20,1.573335170074904,97.64856000000002,33.5,20.4,88.0,30.0,57.625,917.1250000000001,26.458333333333332
2018-12-21,1.1102287165050984,74.60352,32.0,21.0,87.0,40.0,61.5,916.4291666666668,26.072916666666664
2018-12-22,1.2819768052462182,71.78688,33.1,19.0,91.0,36.0,69.04166666666667,916.3874999999999,23.7375
2018-12-23,0.8158034215203208,82.36872,32.6,17.9,92.0,34.0,69.41666666666667,916.3458333333332,23.93541666666667
2018-12-24,0.9998192308858067,76.51872,31.4,18.5,91.0,41.0,68.375,916.1541666666666,24.514583333333334
2018-12-25,1.2574413639974873,93.51936,30.8,18.5,92.0,40.0,76.625,916.7500000000001,22.6
2018-12-26,0.8618073738616925,51.74676000000001,27.9,18.6,92.0,53.0,81.33333333333333,916.5916666666664,22.15833333333333
2018-12-27,0.8096695612081378,26.543519999999997,24.8,18.8,92.0,68.0,86.20833333333333,915.9499999999999,20.652083333333334
2018-12-28,0.874075094486058,44.121959999999994,25.4,18.5,92.0,67.0,84.5,916.1,20.697916666666668
2018-12-29,0.533645847159909,46.503719999999994,27.5,17.7,92.0,61.0,87.33333333333333,915.4458333333336,20.866666666666667
2018-12-30,0.9354136976078867,64.8162,27.3,18.5,93.0,61.0,83.33333333333333,915.9625,21.81875
2018-12-31,0.8986105357347893,37.12824,25.9,19.2,92.0,65.0,85.08333333333333,916.4208333333335,21.347916666666666
2019-01-01,0.7268624469936694,60.49043999999999,27.9,19.2,92.0,55.0,82.375,919.5791666666664,21.829166666666666
2019-01-02,0.809669561208138,92.36736,31.1,18.9,90.0,42.0,71.08333333333333,920.1708333333331,24.114583333333336
2019-01-03,0.7636656088667662,54.797399999999996,30.7,20.4,88.0,47.0,71.16666666666667,918.8499999999998,24.268750000000004
2019-01-04,0.9998192308858067,45.00756,25.4,19.0,91.0,59.0,76.875,919.1750000000001,22.450000000000003
2019-01-05,0.7360632374619437,78.98688000000001,30.1,18.6,91.0,41.0,68.875,918.5583333333333,23.585416666666667
2019-01-06,0.9446144880761611,106.39547999999999,31.8,18.8,90.0,31.0,61.583333333333336,918.6166666666668,24.952083333333334
2019-01-07,1.54266586851399,104.27435999999999,31.2,20.9,79.0,33.0,59.541666666666664,919.2458333333333,25.731249999999996
2019-01-08,1.7941541413134878,82.13147999999998,29.6,19.7,87.0,49.0,65.875,919.9625000000002,24.862500000000004
2019-01-09,1.797221071469579,92.55096000000002,29.4,19.0,78.0,34.0,59.125,919.4083333333333,23.875000000000007
2019-01-10,1.9597683697424249,97.54956,29.2,19.7,75.0,38.0,56.583333333333336,919.3083333333334,23.91041666666667
2019-01-11,1.56413437960663,77.57604,30.2,20.3,73.0,41.0,58.333333333333336,920.0000000000001,24.360416666666666
2019-01-12,1.3678508496167787,78.38316,30.1,20.4,76.0,40.0,59.666666666666664,919.1541666666668,24.858333333333334
2019-01-13,1.6684100049137387,95.90184,30.6,20.2,81.0,35.0,59.0,919.5750000000002,25.08333333333333
2019-01-14,1.8524258142792247,105.87888,30.7,20.1,76.0,33.0,55.0,919.6958333333332,25.15833333333334
2019-01-15,1.4751934050799786,104.85504,32.6,21.1,76.0,34.0,55.958333333333336,919.7124999999997,26.06458333333333
2019-01-16,1.3157130369632244,84.33108000000001,33.4,22.4,72.0,33.0,56.25,919.941666666667,26.849999999999998
2019-01-17,1.2758429449340356,95.01767999999998,32.2,21.1,76.0,36.0,58.083333333333336,919.7833333333332,25.952083333333334
2019-01-18,1.5089296367969844,96.5286,32.5,20.4,81.0,33.0,58.416666666666664,918.7166666666668,26.02708333333333
2019-01-19,1.6009375414797276,108.01044,32.7,21.8,71.0,29.0,53.291666666666664,917.9250000000001,26.660416666666663
2019-01-20,1.2850437354023099,91.99548,33.3,20.3,90.0,32.0,57.25,918.4375,25.658333333333335
2019-01-21,1.4874611257043444,79.05024,30.6,21.2,91.0,45.0,61.75,919.5666666666667,25.543749999999996
2019-01-22,1.1777011799391102,93.80160000000001,32.5,20.8,80.0,37.0,57.791666666666664,919.7708333333331,25.900000000000002
2019-01-23,1.646941493821099,100.0494,31.4,21.2,76.0,30.0,55.5,919.5291666666667,26.164583333333333
2019-01-24,1.984303810991156,109.9872,31.5,21.2,63.0,33.0,51.291666666666664,919.0374999999998,25.785416666666663
2019-01-25,2.0855125061421735,98.34012000000001,29.8,21.4,72.0,39.0,58.041666666666664,918.6208333333334,25.089583333333337
2019-01-26,1.9168313475571446,61.76015999999999,29.1,19.5,79.0,43.0,64.54166666666667,919.5375,23.13541666666667
2019-01-27,1.6745438652259215,94.09572,29.8,18.1,88.0,33.0,63.541666666666664,920.775,23.358333333333334
2019-01-28,2.0732447855178076,89.86212,30.6,21.4,73.0,36.0,55.166666666666664,921.7708333333334,25.518750000000004
2019-01-29,1.8094887920939444,97.04411999999996,33.0,21.6,71.0,22.0,49.875,921.3041666666664,26.55833333333333
2019-01-30,1.4383902432068814,95.80391999999998,32.8,21.6,70.0,30.0,49.916666666666664,919.8166666666667,26.37708333333334
2019-01-31,1.2267720624365728,92.55168,33.8,20.6,66.0,24.0,44.25,918.6333333333332,26.96875
2019-02-01,1.634673773196733,93.88548,32.3,22.6,60.0,25.0,47.083333333333336,918.65,26.81041666666667
2019-02-02,1.5580005192944473,104.88995999999999,33.1,22.0,61.0,27.0,46.125,918.6666666666669,27.083333333333332
2019-02-03,0.9936853705736237,73.45475999999998,34.1,22.1,66.0,29.0,46.708333333333336,916.7125,27.572916666666664
2019-02-04,1.4169217321142413,51.03324,30.7,19.5,87.0,39.0,62.291666666666664,916.7166666666668,24.956249999999997
2019-02-05,1.533465078045716,76.82075999999999,32.3,19.3,90.0,38.0,65.0,917.0083333333331,24.583333333333336
2019-02-06,1.419988662270333,37.2942,26.5,19.5,92.0,58.0,81.375,917.7500000000001,21.358333333333334
2019-02-07,0.7176616565253949,25.138080000000002,24.1,19.0,92.0,72.0,87.25,916.3916666666665,20.395833333333336
2019-02-08,0.9108782563591552,78.57108,31.1,18.6,91.0,38.0,75.0,915.8208333333332,23.064583333333335
2019-02-09,1.4414571733629729,82.72691999999998,30.9,19.1,90.0,37.0,68.54166666666667,916.8833333333331,23.770833333333336
2019-02-10,1.6530753541332814,85.38803999999999,31.3,21.0,82.0,38.0,64.04166666666667,917.2291666666666,25.285416666666663
2019-02-11,1.2789098750901269,73.33127999999998,31.1,20.8,87.0,40.0,66.04166666666667,918.9291666666669,24.96666666666667
2019-02-12,1.2850437354023094,77.65632000000001,30.8,21.8,70.0,41.0,57.708333333333336,918.3375000000001,25.59375
2019-02-13,0.9691499293248924,49.784400000000005,30.8,19.7,89.0,46.0,70.95833333333333,917.0958333333334,24.38125
2019-02-14,1.837091163498768,66.35052,28.4,19.0,89.0,52.0,72.70833333333333,918.3791666666666,22.387500000000003
2019-02-15,1.0764924847880923,35.741879999999995,25.8,19.7,91.0,70.0,80.83333333333333,917.2374999999998,21.65625
2019-02-16,0.6011183105939206,26.87688,25.7,19.9,91.0,68.0,86.95833333333333,915.1166666666668,21.675
2019-02-17,0.766732539022858,47.37096,27.3,19.2,93.0,62.0,87.08333333333333,916.604166666667,21.331249999999997
2019-02-18,0.7790002596472236,52.78752,26.4,19.1,93.0,63.0,85.91666666666667,918.1708333333332,21.55208333333333
2019-02-19,0.8066026310520465,68.81364,29.0,19.6,93.0,55.0,81.125,918.2999999999997,22.825
2019-02-20,0.6317876121548349,77.95584000000001,31.6,20.6,91.0,41.0,74.54166666666667,916.9541666666664,24.447916666666664
2019-02-21,0.6839254248083892,30.981239999999996,26.8,18.9,91.0,53.0,80.08333333333333,919.1083333333335,21.92916666666667
2019-02-22,1.2574413639974866,98.73756,32.5,18.9,91.0,35.0,67.25,919.9208333333335,24.883333333333333
2019-02-23,1.0703586244759096,103.41072000000001,32.6,20.0,85.0,30.0,57.583333333333336,918.7749999999997,26.43958333333333
2019-02-24,0.8710081643299665,93.60792,33.0,20.4,86.0,29.0,57.833333333333336,916.5666666666667,26.952083333333334
2019-02-25,0.8035357008959552,82.03175999999999,33.6,21.4,83.0,30.0,57.458333333333336,915.8124999999999,26.964583333333334
2019-02-26,1.0427562530710868,79.27704,33.3,19.7,90.0,34.0,63.916666666666664,916.2958333333336,25.435416666666672
2019-02-27,1.0120869515101723,91.88244,31.2,19.2,91.0,41.0,70.91666666666667,917.8083333333334,24.02916666666667
2019-02-28,0.9108782563591552,44.173080000000006,27.3,19.8,92.0,57.0,76.95833333333333,918.1875,23.06041666666667
2019-03-01,0.7636656088667665,63.68616000000001,29.8,18.1,92.0,46.0,76.16666666666667,919.1541666666666,22.67916666666666
2019-03-02,0.6133860312182864,32.49036,23.8,19.5,92.0,71.0,86.29166666666667,920.0458333333332,21.1
2019-03-03,1.4843941955482525,83.68668,29.0,19.9,88.0,47.0,69.20833333333333,919.0041666666665,23.520833333333336
2019-03-04,1.7941541413134874,76.7466,29.5,20.2,79.0,42.0,63.5,919.6374999999999,24.016666666666666
2019-03-05,1.4598587542995214,80.58167999999999,30.7,20.2,80.0,39.0,63.416666666666664,920.7999999999997,24.3375
2019-03-06,1.6776107953820132,66.88583999999999,29.8,20.7,80.0,44.0,69.79166666666667,920.9541666666665,23.86875
2019-03-07,1.7542840492842988,86.48928,30.8,20.6,81.0,42.0,65.20833333333333,921.1875000000001,24.8375
2019-03-08,1.3647839194606868,84.14712,31.9,20.7,82.0,37.0,61.458333333333336,920.0125000000002,25.46041666666667
2019-03-09,1.0550239736954525,87.01451999999999,32.1,21.6,82.0,36.0,61.666666666666664,918.5166666666668,26.183333333333337
2019-03-10,1.1807681100952012,77.71067999999998,32.2,21.8,90.0,41.0,65.58333333333333,917.4500000000003,26.06458333333334
2019-03-11,1.2053035513439327,72.53352,29.0,18.6,92.0,45.0,72.41666666666667,918.0791666666664,23.458333333333336
2019-03-12,1.2053035513439327,84.14676000000001,29.8,18.5,90.0,46.0,69.33333333333333,918.5833333333331,23.46875
2019-03-13,0.944614488076161,65.56355999999998,31.0,20.6,78.0,43.0,66.83333333333333,918.4000000000001,24.525
2019-03-14,0.874075094486058,79.53659999999999,32.4,20.0,89.0,38.0,68.29166666666667,917.9583333333334,24.6625
2019-03-15,0.9599491388566181,87.89723999999998,31.9,18.8,90.0,37.0,66.16666666666667,917.3083333333333,24.737499999999997
2019-03-16,1.2819768052462182,81.12924,31.0,19.5,91.0,48.0,74.04166666666667,917.1416666666665,24.20833333333333
2019-03-17,0.9384806277639778,30.240359999999995,25.8,21.0,90.0,68.0,82.625,917.7000000000002,23.193749999999998
2019-03-18,0.7513978882424007,70.96392,31.9,20.0,92.0,47.0,76.66666666666667,916.6958333333332,24.27708333333333
2019-03-19,0.7145947263693034,68.93927999999998,31.7,20.4,92.0,43.0,76.29166666666667,914.8499999999996,24.68541666666666
2019-03-20,0.880208954798241,69.00048,30.7,20.4,92.0,49.0,76.08333333333333,914.0833333333335,24.472916666666666
2019-03-21,1.312646106807133,49.479839999999996,27.8,19.7,92.0,59.0,80.66666666666667,914.4624999999997,22.99375
2019-03-22,1.4843941955482536,30.332880000000003,22.1,18.3,92.0,75.0,87.0,917.4833333333335,19.86875
2019-03-23,1.4230555924264239,70.75475999999999,27.8,16.7,89.0,52.0,70.91666666666667,919.2125000000001,21.1875
2019-03-24,1.2574413639974868,60.76187999999999,28.0,19.4,87.0,49.0,72.83333333333333,918.9666666666666,22.679166666666664
2019-03-25,1.1286302974416467,80.1972,30.1,18.3,89.0,39.0,68.29166666666667,918.0833333333334,23.3375
2019-03-26,0.9016774658908808,72.6462,30.2,17.7,91.0,36.0,65.83333333333333,918.225,23.825
2019-03-27,1.0335554626028125,66.60467999999999,29.6,17.7,86.0,42.0,65.58333333333333,920.5541666666668,23.168750000000003
2019-03-28,1.4322563828946986,73.908,28.9,16.0,89.0,39.0,61.708333333333336,922.0208333333336,22.71875
2019-03-29,1.4230555924264243,64.14732,28.2,16.1,89.0,44.0,65.83333333333333,921.7833333333334,22.287499999999998
2019-03-30,1.5181304272652587,65.61648,29.1,17.6,82.0,41.0,65.0,920.979166666667,22.354166666666664
2019-03-31,0.9170121166713381,67.83443999999999,28.7,16.6,87.0,37.0,63.958333333333336,919.2375000000001,22.710416666666667
2019-04-01,1.143964948222104,59.082119999999996,28.8,18.2,90.0,42.0,70.25,918.3166666666667,22.337500000000002
2019-04-02,0.8802089547982408,61.01316000000002,28.9,18.1,91.0,42.0,73.5,918.1291666666667,22.512499999999996
2019-04-03,0.9415475579200694,62.02403999999999,30.1,19.1,89.0,46.0,74.125,916.9708333333334,22.949999999999996
2019-04-04,0.6900592851205721,70.36596000000002,31.6,18.8,91.0,39.0,72.41666666666667,915.775,23.572916666666664
2019-04-05,0.8464727230812352,57.640319999999996,30.8,21.0,87.0,49.0,72.375,917.0458333333335,24.827083333333334
2019-04-06,0.880208954798241,48.051359999999995,29.0,20.6,90.0,54.0,78.375,918.8500000000003,23.583333333333336
2019-04-07,0.8280711421446865,67.37471999999998,30.3,19.7,91.0,44.0,72.125,919.6958333333336,23.977083333333333
2019-04-08,1.024354672134538,72.612,30.1,18.9,89.0,44.0,69.20833333333333,918.4625000000001,23.81875
2019-04-09,0.7268624469936694,49.72248,28.2,18.1,92.0,54.0,78.79166666666667,917.6750000000003,21.960416666666667
2019-04-10,1.5549335891383558,54.83196,28.8,18.5,82.0,50.0,67.75,917.4333333333334,23.147916666666667
2019-04-11,0.9231459769835207,67.92803999999998,29.7,17.1,91.0,42.0,69.0,918.5333333333334,22.989583333333332
2019-04-12,1.0979609958807326,65.1834,29.7,19.3,85.0,41.0,66.41666666666667,918.5083333333332,23.68541666666667
2019-04-13,1.680677725538104,62.43444,29.7,20.8,78.0,44.0,65.5,918.6166666666667,24.32916666666667
2019-04-14,1.4046540114898756,45.65700000000001,28.6,21.0,79.0,50.0,69.04166666666667,918.9875000000002,23.84166666666667
2019-04-15,1.251307503685304,31.540319999999994,27.3,20.7,90.0,62.0,79.75,919.6041666666669,22.58958333333333
2019-04-16,0.9691499293248924,36.894239999999996,27.6,19.3,92.0,57.0,83.83333333333333,919.4416666666667,21.879166666666663
2019-04-17,0.8986105357347896,41.03028,26.3,18.5,93.0,69.0,86.54166666666667,917.2166666666668,21.53541666666667
2019-04-18,1.1255633672855554,70.78715999999999,28.7,19.8,92.0,42.0,72.58333333333333,916.5458333333332,23.162499999999998
2019-04-19,0.8464727230812349,77.34096000000001,29.1,15.5,92.0,34.0,64.0,917.4375000000001,22.40833333333333
2019-04-20,0.7605986787106751,72.99719999999999,30.0,16.0,92.0,30.0,64.04166666666667,917.9791666666665,22.62708333333333
2019-04-21,0.7329963073058522,72.95003999999999,30.6,16.9,89.0,36.0,63.458333333333336,917.4000000000002,23.241666666666667
2019-04-22,1.0580909038515438,52.651439999999994,29.2,19.9,88.0,46.0,72.5,917.7208333333333,23.275
2019-04-23,1.2973114560266756,63.25236,29.5,19.6,84.0,48.0,68.58333333333333,919.7999999999998,23.383333333333336
2019-04-24,1.4475910336751556,50.486039999999996,28.5,19.3,87.0,47.0,69.33333333333333,921.5749999999999,23.197916666666668
2019-04-25,1.4874611257043444,48.73428,27.8,19.1,84.0,51.0,69.08333333333333,921.9541666666668,22.683333333333337
2019-04-26,1.4046540114898753,68.23727999999998,29.0,17.6,91.0,42.0,70.54166666666667,921.3624999999998,22.65833333333333
2019-04-27,1.3065122464949495,64.56312,29.6,19.5,80.0,41.0,65.5,920.033333333333,23.29583333333333
2019-04-28,1.0887602054124579,67.55616,30.0,18.1,89.0,43.0,65.375,917.65,23.729166666666664
2019-04-29,0.9875515102614408,58.66956,28.4,19.3,87.0,48.0,66.5,916.3250000000002,23.614583333333336
2019-04-30,0.9476814182322524,62.399159999999995,28.4,17.4,90.0,47.0,69.20833333333333,918.7750000000001,22.847916666666666
2019-05-01,1.3463823385241385,61.18307999999999,29.2,19.6,84.0,45.0,69.125,919.1375000000002,23.383333333333336
2019-05-02,1.1132956466611899,44.66016,28.7,19.5,91.0,54.0,74.75,918.1291666666665,23.033333333333335
2019-05-03,0.7176616565253952,50.21784,28.5,19.2,92.0,51.0,79.75,919.4291666666667,22.468750000000004
2019-05-04,1.248240573529213,51.88607999999999,28.7,19.8,90.0,52.0,75.375,920.6208333333335,23.15625
2019-05-05,1.554933589138356,54.286919999999995,28.1,18.6,90.0,38.0,69.125,921.15,22.625
2019-05-06,1.094894065724641,59.60052000000002,28.8,18.9,79.0,45.0,65.625,920.7416666666669,22.702083333333334
2019-05-07,0.6409884026231091,60.73955999999999,30.1,17.7,91.0,38.0,67.875,918.7916666666666,23.35
2019-05-08,0.9538152785444352,43.60967999999999,28.2,18.8,91.0,51.0,74.33333333333333,919.7291666666666,22.4
2019-05-09,1.6868115858502872,36.261359999999996,24.8,17.7,84.0,62.0,76.54166666666667,920.0208333333334,20.306249999999995
2019-05-10,1.377051640085053,46.94976,26.7,17.1,85.0,49.0,73.08333333333333,918.9541666666665,20.816666666666663
2019-05-11,1.2513075036853043,49.83480000000001,26.0,17.7,86.0,52.0,72.58333333333333,918.6624999999999,21.21666666666667
2019-05-12,0.6931262152766636,64.07819999999998,29.3,16.3,90.0,44.0,69.33333333333333,919.9666666666668,21.93125
2019-05-13,0.9016774658908806,54.437039999999996,29.6,17.8,90.0,44.0,67.91666666666667,920.4249999999998,23.212500000000006
2019-05-14,0.6685907740279321,52.53768,29.4,18.0,91.0,47.0,69.45833333333333,919.2875,23.3125
2019-05-15,1.024354672134538,31.096439999999998,28.1,18.3,92.0,51.0,78.20833333333333,918.1666666666665,21.900000000000002
2019-05-16,1.036622392758904,35.55612,23.5,16.9,93.0,65.0,82.125,920.2625000000002,19.59166666666667
2019-05-17,0.9630160690127096,17.54244,20.9,16.7,89.0,68.0,80.45833333333333,920.5208333333336,18.75625
2019-05-18,1.3279807575875902,46.85256,26.8,17.2,90.0,51.0,77.29166666666667,920.0541666666667,20.15833333333333
2019-05-19,1.1132956466611896,63.53819999999998,26.4,15.5,92.0,50.0,75.29166666666667,919.9208333333332,20.308333333333337
2019-05-20,0.6440553327792007,63.82512,27.6,15.6,92.0,32.0,67.625,919.5083333333336,20.733333333333334
2019-05-21,0.7207285866814864,62.970479999999995,28.4,13.7,91.0,30.0,63.0,919.6708333333332,20.802083333333332
2019-05-22,0.5857836598134635,61.98983999999998,28.9,14.1,89.0,34.0,60.958333333333336,919.2916666666669,21.391666666666666
2019-05-23,0.6287206819987436,54.26604,28.8,15.4,88.0,36.0,64.08333333333333,918.779166666667,21.44375
2019-05-24,0.8127364913642294,53.587799999999994,28.8,15.7,90.0,40.0,65.79166666666667,917.7208333333336,21.87291666666667
2019-05-25,1.101027926036824,55.42236,27.3,16.3,91.0,47.0,68.54166666666667,917.6999999999998,21.441666666666666
2019-05-26,0.6256537518426522,61.46496,28.0,13.9,86.0,38.0,61.791666666666664,919.4291666666669,20.881250000000005
2019-05-27,0.782067189803315,59.34312000000001,28.5,16.8,83.0,40.0,66.5,920.2541666666667,21.702083333333334
2019-05-28,0.8372719326129607,59.65487999999999,28.7,16.5,90.0,38.0,66.5,919.9125,22.081250000000004
2019-05-29,0.6256537518426522,57.26556,29.0,16.3,91.0,38.0,68.95833333333333,920.3333333333335,21.987500000000004
2019-05-30,1.165433459314744,60.881040000000006,28.1,17.0,88.0,44.0,66.625,919.9291666666668,22.070833333333333
2019-05-31,1.0059530911979897,59.22036000000002,28.9,15.6,89.0,39.0,64.33333333333333,918.7249999999999,21.91041666666667
2019-06-01,0.760598678710675,60.05808,29.7,16.4,87.0,30.0,60.333333333333336,918.1999999999999,22.489583333333332
2019-06-02,0.5735159391890977,59.391720000000014,29.9,15.2,91.0,25.0,58.75,919.0624999999999,22.483333333333334
2019-06-03,1.15623266884647,50.87268,28.5,16.2,88.0,43.0,65.625,920.5875,21.764583333333327
2019-06-04,0.8526065833934181,59.34851999999999,25.5,14.2,93.0,30.0,73.125,922.3000000000001,18.833333333333332
2019-06-05,2.2357920837906535,62.78256,23.2,12.5,75.0,34.0,56.75,924.2208333333333,17.125
2019-06-06,1.8646935349035907,61.208999999999996,22.9,12.1,84.0,38.0,60.5,924.2666666666668,17.020833333333332
2019-06-07,1.2359728529048468,60.713639999999984,24.1,11.2,88.0,31.0,61.125,923.5500000000002,17.49375
2019-06-08,0.5459135677842748,51.047639999999994,23.6,11.6,86.0,36.0,64.08333333333333,922.6166666666668,17.022916666666667
2019-06-09,1.3095791766510414,59.76828000000001,23.6,11.7,91.0,39.0,66.08333333333333,923.8916666666665,17.381249999999998
2019-06-10,1.5794690303870873,53.98308,24.3,11.4,87.0,39.0,63.083333333333336,924.7333333333331,18.089583333333334
2019-06-11,1.6438745636650076,39.96827999999999,24.4,15.1,85.0,53.0,71.75,924.0625000000001,19.087500000000002
2019-06-12,1.5948036811675443,45.96624,24.5,16.5,82.0,54.0,70.08333333333333,924.0833333333334,19.9375
2019-06-13,1.720547817567293,57.139559999999996,26.2,16.4,87.0,44.0,67.16666666666667,924.8666666666668,20.66875
2019-06-14,1.5181304272652583,58.59864,27.0,15.9,84.0,30.0,62.875,924.9958333333337,20.599999999999998
2019-06-15,1.4598587542995214,49.12955999999999,26.7,16.8,81.0,39.0,63.416666666666664,924.7458333333333,20.47083333333333
2019-06-16,0.8832758849543323,51.656760000000006,25.6,14.6,86.0,36.0,62.166666666666664,925.0916666666667,19.820833333333333
2019-06-17,0.8894097452665153,47.46348,25.5,13.3,86.0,40.0,64.5,924.3125,19.120833333333334
2019-06-18,1.2666421544657611,52.003440000000005,26.0,13.7,88.0,40.0,64.75,923.3166666666666,19.31041666666667
2019-06-19,0.9292798372957037,50.69664000000001,26.8,15.9,78.0,31.0,53.5,922.9666666666667,21.15416666666667
2019-06-20,0.6593899835596578,51.51672,27.4,13.6,88.0,31.0,60.0,923.5208333333334,19.81875
2019-06-21,1.8064218619378534,51.57359999999999,25.0,15.4,76.0,41.0,61.5,926.2916666666665,19.35416666666667
2019-06-22,1.1531657386903786,42.049080000000004,24.4,13.3,91.0,47.0,72.875,927.8666666666667,18.020833333333332
2019-06-23,1.334114617899773,50.82876,24.9,15.5,84.0,44.0,67.75,925.8833333333331,19.170833333333334
2019-06-24,0.8127364913642294,56.14811999999999,26.7,14.3,91.0,39.0,67.04166666666667,921.8250000000002,20.039583333333333
2019-06-25,0.9200790468274296,48.29832,28.0,15.9,87.0,39.0,67.58333333333333,919.8333333333331,20.714583333333334
2019-06-26,1.009020021354081,54.83339999999999,29.2,17.5,80.0,28.0,59.583333333333336,920.5958333333334,22.00416666666667
2019-06-27,1.193035830719567,45.31212,28.4,18.3,74.0,32.0,56.25,922.2833333333334,22.322916666666664
2019-06-28,1.8432250238109502,57.95532,26.5,18.2,79.0,34.0,59.083333333333336,923.375,21.568749999999994
2019-06-29,1.8309573031865845,54.663120000000006,26.1,16.2,77.0,44.0,63.583333333333336,923.2750000000001,19.84375
2019-06-30,0.7912679802715893,59.332679999999996,27.3,14.5,87.0,27.0,60.125,922.5374999999999,20.25416666666667
2019-07-01,0.6440553327792007,56.03508,27.4,14.6,89.0,30.0,61.875,921.0958333333334,20.370833333333334
2019-07-02,0.5459135677842749,53.710559999999994,27.4,12.9,87.0,29.0,57.666666666666664,917.4458333333333,19.816666666666663
2019-07-03,0.809669561208138,52.331759999999996,28.9,13.4,85.0,26.0,54.291666666666664,916.2541666666666,20.166666666666664
2019-07-04,0.9384806277639781,56.275200000000005,28.8,13.9,77.0,22.0,49.25,916.9833333333335,20.847916666666666
2019-07-05,1.2329059227487555,44.26596,27.8,15.7,75.0,36.0,56.375,918.3749999999999,21.43958333333333
2019-07-06,1.5948036811675446,60.49332000000001,23.6,14.3,84.0,25.0,55.333333333333336,920.8499999999999,18.679166666666667
2019-07-07,1.1194295069733724,61.683840000000004,23.2,7.3,77.0,23.0,49.125,923.3916666666668,15.172916666666667
2019-07-08,2.070177855361716,61.328160000000004,21.4,10.4,71.0,38.0,54.458333333333336,926.1666666666666,15.385416666666664
2019-07-09,1.69294544616247,61.47504000000001,22.3,10.5,76.0,32.0,56.0,926.1416666666669,15.8875
2019-07-10,1.3801185702411443,61.37568000000001,22.8,11.0,75.0,33.0,56.083333333333336,924.9999999999997,16.37708333333333
2019-07-11,0.7759333294911324,61.475759999999994,24.7,9.8,86.0,23.0,53.875,922.4041666666666,16.929166666666664
2019-07-12,0.7268624469936692,61.43292,26.2,9.6,86.0,27.0,57.541666666666664,921.3250000000002,17.622916666666665
2019-07-13,0.6103191010621949,59.361839999999994,28.9,11.5,89.0,19.0,55.375,921.2541666666666,19.347916666666666
2019-07-14,0.6471222629352922,58.64004,28.9,13.3,83.0,23.0,52.166666666666664,920.2124999999997,20.495833333333334
2019-07-15,0.5581812884086406,54.16487999999999,28.6,13.3,80.0,21.0,47.833333333333336,919.2916666666665,20.662499999999998
2019-07-16,0.8403388627690522,56.69171999999999,28.3,14.1,73.0,26.0,47.916666666666664,918.8458333333333,20.8125
2019-07-17,1.4261225225825156,60.89472000000001,22.7,13.4,86.0,44.0,64.0,922.691666666667,17.86041666666667
2019-07-18,2.1499180394200934,61.60248,22.0,13.2,71.0,38.0,56.458333333333336,925.7500000000001,16.59166666666667
2019-07-19,2.229658223478471,62.48411999999999,23.2,11.6,80.0,39.0,59.541666666666664,926.7916666666665,16.325
2019-07-20,2.1131148775469963,58.91436,22.2,12.9,80.0,38.0,59.166666666666664,926.1333333333336,17.025
2019-07-21,2.4964811470584256,55.614959999999996,23.2,13.2,81.0,38.0,64.41666666666667,925.3416666666666,17.1625
2019-07-22,1.9996384617716134,51.68880000000001,23.9,14.5,82.0,40.0,64.20833333333333,925.6999999999999,17.99375
2019-07-23,1.69294544616247,64.30968000000001,25.2,14.7,82.0,33.0,61.875,925.1583333333333,18.74583333333333
2019-07-24,1.223705132280481,64.08467999999999,27.5,14.7,77.0,30.0,55.5,923.9791666666669,20.143749999999997
2019-07-25,1.7358824683477507,63.3852,25.8,15.3,70.0,44.0,57.25,923.8333333333331,19.929166666666667
2019-07-26,1.7481501889721163,52.04556,25.4,15.9,80.0,31.0,57.791666666666664,925.5416666666666,19.481250000000003
2019-07-27,0.7636656088667665,58.70591999999999,25.1,11.8,78.0,32.0,54.166666666666664,926.3916666666668,18.202083333333334
2019-07-28,1.1102287165050981,65.57256,26.9,12.4,80.0,25.0,51.416666666666664,924.3000000000002,19.31458333333334
2019-07-29,1.576402100230996,65.05776000000002,26.6,11.7,79.0,30.0,51.958333333333336,923.5166666666668,19.210416666666664
2019-07-30,1.7174808874112018,52.90992,26.2,16.3,77.0,35.0,57.833333333333336,922.5791666666668,20.21666666666667
2019-07-31,0.9752837896370752,59.088240000000006,28.5,14.9,82.0,26.0,54.541666666666664,920.7833333333333,21.091666666666665
2019-08-01,1.3770516400850528,53.091719999999995,29.4,0.0,73.0,0.0,50.791666666666664,920.4291666666667,19.447916666666664
2019-08-02,1.0274216022906295,66.32856,30.5,14.7,78.0,16.0,47.083333333333336,920.7791666666667,22.25416666666667
2019-08-03,1.223705132280481,46.36512,28.9,16.8,70.0,29.0,48.916666666666664,920.6125000000001,22.358333333333334
2019-08-04,2.5547528200241625,51.00659999999999,24.2,16.8,73.0,47.0,62.833333333333336,923.9166666666665,20.07083333333333
2019-08-05,2.5363512390876135,53.19864,23.5,13.3,77.0,44.0,64.125,928.2833333333334,17.26666666666667
2019-08-06,2.456611055029237,31.2318,21.1,15.7,75.0,56.0,66.08333333333333,928.8916666666664,18.043750000000003
2019-08-07,1.791087211157396,44.43120000000001,25.6,17.1,77.0,45.0,64.16666666666667,927.9291666666664,20.07291666666667
2019-08-08,1.5487997288261728,67.97303999999998,28.7,16.7,88.0,34.0,64.04166666666667,926.3166666666666,21.38958333333333
2019-08-09,1.5119965669530757,67.33511999999999,28.8,16.7,84.0,27.0,59.791666666666664,924.6541666666668,21.627083333333335
2019-08-10,1.3862524305533268,68.66135999999999,29.6,17.4,73.0,26.0,52.833333333333336,924.0124999999998,22.604166666666668
2019-08-11,1.3310476877436814,59.73443999999999,30.1,16.5,80.0,29.0,52.416666666666664,923.6916666666666,23.06458333333333
2019-08-12,1.3617169893045955,68.76360000000001,28.2,17.1,68.0,28.0,48.166666666666664,923.1166666666667,22.470833333333335
2019-08-13,0.9814176499492581,68.09543999999998,30.6,14.4,77.0,22.0,48.291666666666664,921.9083333333334,21.910416666666666
2019-08-14,2.018040042708162,50.51195999999998,26.6,17.0,78.0,37.0,58.458333333333336,923.8458333333333,21.28125
2019-08-15,2.2449928742589282,70.65899999999999,24.1,14.1,72.0,35.0,57.833333333333336,927.3833333333333,18.25
2019-08-16,1.929099068181511,72.42804,24.7,12.1,75.0,31.0,54.458333333333336,926.5833333333334,17.547916666666666
2019-08-17,1.8002880016256706,73.28375999999999,24.7,12.1,72.0,25.0,48.625,924.0208333333335,17.889583333333334
2019-08-18,1.009020021354081,65.94984000000001,28.2,12.7,72.0,24.0,45.208333333333336,921.6,20.039583333333333
2019-08-19,0.7145947263693034,66.17592,30.8,14.5,73.0,21.0,44.625,919.9291666666668,22.20625
2019-08-20,1.3893193607094185,53.36748,28.9,19.3,62.0,32.0,45.791666666666664,921.1250000000001,23.46875
2019-08-21,1.5365320082018072,62.747279999999996,29.1,17.9,74.0,33.0,58.0,922.125,22.62708333333333
2019-08-22,2.0333746934886197,53.031240000000004,26.9,17.9,77.0,43.0,66.25,922.6374999999999,20.766666666666666
2019-08-23,1.7512171191282073,38.8422,25.9,16.2,81.0,49.0,69.95833333333333,921.8249999999999,19.447916666666664
2019-08-24,1.2359728529048468,73.33272,27.5,13.4,90.0,25.0,62.458333333333336,922.5166666666669,19.5875
2019-08-25,2.1192487378591793,71.22636,26.3,15.2,72.0,33.0,56.333333333333336,924.875,19.854166666666668
2019-08-26,2.0395085538008026,67.80564,26.4,15.9,77.0,33.0,57.708333333333336,925.3333333333335,19.924999999999997
2019-08-27,1.9321659983376023,77.17968,28.0,15.4,74.0,29.0,54.791666666666664,924.9166666666669,20.245833333333334
2019-08-28,2.039508553800802,67.16015999999999,25.6,15.1,74.0,33.0,56.916666666666664,924.045833333333,19.120833333333334
2019-08-29,2.0579101347373503,53.05068,24.0,14.2,71.0,32.0,55.75,923.1291666666667,18.295833333333334
2019-08-30,1.5027957764848021,74.12904000000002,28.5,14.6,73.0,27.0,52.833333333333336,921.6541666666667,20.166666666666668
2019-08-31,1.6132052621040929,75.6648,30.8,16.5,69.0,25.0,50.0,920.5041666666667,22.44375
2019-09-01,1.2390397830609385,71.83692000000002,33.0,16.8,76.0,21.0,45.125,918.2583333333331,24.664583333333333
2019-09-02,1.4169217321142413,68.44319999999999,30.4,19.1,64.0,29.0,45.708333333333336,918.3958333333335,24.668750000000003
2019-09-03,1.8340242333426762,75.50316000000001,33.6,19.8,65.0,22.0,45.416666666666664,919.6666666666666,25.602083333333326
2019-09-04,1.8156226524061272,76.44960000000002,33.7,20.6,59.0,18.0,38.375,921.2583333333336,26.34583333333333
2019-09-05,2.2909968266003,75.89124000000001,30.1,17.9,70.0,31.0,51.25,922.9541666666668,24.147916666666667
2019-09-06,2.340067709097763,58.755599999999994,26.1,18.8,75.0,46.0,63.791666666666664,924.6541666666666,21.41875
2019-09-07,1.8370911634987674,70.22844,29.2,16.7,78.0,34.0,59.208333333333336,925.2541666666666,21.583333333333332
2019-09-08,2.2879298964442087,80.93988,27.5,17.2,75.0,38.0,59.0,925.1291666666667,21.435416666666665
2019-09-09,1.7665517699086652,83.3634,28.2,15.9,72.0,24.0,50.583333333333336,923.5958333333334,21.527083333333337
2019-09-10,1.4629256844556129,81.4806,33.6,18.0,63.0,17.0,41.916666666666664,921.4499999999999,24.40833333333334
2019-09-11,1.573335170074904,79.7814,34.6,18.1,73.0,19.0,44.5,919.3625000000002,25.98125
2019-09-12,1.5089296367969842,79.57368,35.4,19.2,68.0,15.0,40.208333333333336,918.8666666666668,26.8125
2019-09-13,1.5119965669530757,76.22784000000001,36.4,21.2,57.0,14.0,32.041666666666664,918.9958333333335,28.4
2019-09-14,2.643693794550814,79.47684000000001,31.3,19.9,70.0,20.0,47.25,920.5291666666666,25.275000000000006
2019-09-15,2.0149731125520702,79.67808,29.7,18.4,75.0,34.0,52.625,921.4875000000001,23.487499999999997
2019-09-16,2.076311715673899,83.1546,29.4,19.0,64.0,30.0,50.958333333333336,921.0416666666669,23.15833333333333
2019-09-17,1.5518666589822645,80.6274,33.7,18.7,65.0,15.0,44.791666666666664,918.475,24.64583333333333
2019-09-18,0.9507483483883437,82.06451999999999,34.5,18.6,64.0,13.0,36.041666666666664,915.9291666666664,26.38541666666667
2019-09-19,1.6193391224162756,70.3692,35.0,22.0,46.0,16.0,30.625,915.6916666666665,27.81458333333333
2019-09-20,1.742016328659933,73.11564,34.4,21.6,53.0,19.0,38.708333333333336,917.3583333333332,27.35
2019-09-21,1.9659022300546074,72.24336,34.7,22.3,57.0,23.0,43.291666666666664,917.9166666666666,27.325000000000003
2019-09-22,2.3584692900343107,75.55788000000001,31.2,21.4,64.0,36.0,51.208333333333336,919.4916666666664,25.333333333333332
2019-09-23,2.9043828578185855,43.88363999999999,24.9,17.5,72.0,45.0,62.291666666666664,923.2624999999999,21.0625
2019-09-24,2.25112673457111,85.91148,28.9,14.5,70.0,28.0,53.041666666666664,923.8375,20.10416666666667
2019-09-25,2.106981017234814,22.625999999999994,21.1,16.0,87.0,52.0,69.29166666666667,921.5625,17.78125
2019-09-26,1.0458231832271783,12.173760000000003,18.0,15.9,91.0,68.0,83.54166666666667,920.65,16.96458333333333
2019-09-27,0.7421970977741262,83.57256,28.1,14.7,92.0,40.0,72.16666666666667,919.0833333333331,19.989583333333336
2019-09-28,1.8830951158401388,70.96824000000001,27.7,17.3,82.0,44.0,66.25,919.5500000000002,21.5125
2019-09-29,1.861626604747499,71.24112000000001,29.8,18.6,81.0,35.0,66.5,918.2208333333333,22.243750000000006
2019-09-30,1.8708273952157732,78.42096000000001,31.0,18.1,82.0,28.0,61.625,918.1791666666664,22.847916666666663
2019-10-01,2.125382598171362,89.23967999999999,31.1,18.0,78.0,27.0,52.541666666666664,918.4541666666668,23.74375
2019-10-02,1.9781699506789736,93.84875999999998,31.9,17.3,77.0,22.0,45.916666666666664,918.0083333333332,24.025
2019-10-03,1.8616266047474987,92.17151999999999,31.4,18.5,54.0,25.0,41.416666666666664,918.3166666666666,23.624999999999996
2019-10-04,2.429008683624414,82.07784,29.7,18.0,70.0,27.0,45.791666666666664,919.65,23.118750000000006
2019-10-05,2.287929896444208,75.98772000000001,30.5,17.9,75.0,26.0,53.75,918.6500000000001,23.079166666666666
2019-10-06,2.1775204108249167,87.90011999999999,31.2,18.7,69.0,32.0,51.625,917.6,23.781250000000004
2019-10-07,2.2020558520736477,91.512,31.1,19.3,67.0,33.0,50.083333333333336,918.1291666666665,24.57708333333333
2019-10-08,1.9781699506789736,83.13012,32.5,20.5,61.0,30.0,48.375,918.0374999999999,25.12916666666667
2019-10-09,1.9290990681815106,66.88656,31.6,20.2,72.0,34.0,53.125,918.7708333333334,24.995833333333334
2019-10-10,2.257260594883294,58.91004000000001,29.5,20.5,72.0,40.0,59.625,919.5125000000002,23.577083333333327
2019-10-11,2.1131148775469963,91.38672,29.8,19.0,75.0,32.0,54.208333333333336,920.7583333333332,23.366666666666667
2019-10-12,1.8892289761523218,95.99543999999999,32.9,19.4,68.0,24.0,46.958333333333336,920.1833333333335,24.945833333333333
2019-10-13,2.1744534806688254,100.02168000000002,33.2,20.3,62.0,18.0,43.958333333333336,918.7791666666666,25.604166666666664
2019-10-14,2.1591188298883677,99.56807999999998,32.5,19.8,59.0,14.0,40.541666666666664,918.1250000000001,25.241666666666664
2019-10-15,1.7358824683477503,95.06376,33.5,20.1,48.0,15.0,34.25,918.6916666666667,25.547916666666666
2019-10-16,2.0517762744251673,86.78088,31.8,19.9,66.0,24.0,43.333333333333336,919.7625000000002,25.25833333333333
2019-10-17,2.1223156680152715,92.60532,32.3,19.7,66.0,16.0,37.458333333333336,920.1458333333331,25.56666666666667
2019-10-18,1.4138548019581498,91.3698,34.4,20.2,51.0,15.0,30.75,918.9250000000002,26.668749999999996
2019-10-19,1.4598587542995214,77.1858,36.0,20.8,61.0,20.0,35.375,916.8916666666665,27.63125
2019-10-20,1.6745438652259215,76.31639999999999,32.0,20.7,69.0,32.0,52.541666666666664,915.6625,25.33125
2019-10-21,1.7266816778794756,44.21195999999999,27.3,20.5,72.0,49.0,60.583333333333336,914.4999999999999,23.925000000000004
2019-10-22,1.202236621187841,65.19959999999999,31.4,19.0,91.0,32.0,63.916666666666664,914.2583333333333,24.116666666666667
2019-10-23,1.6592092144454647,74.67479999999999,32.0,19.7,77.0,33.0,60.875,916.4375,24.4625
2019-10-24,2.0517762744251673,61.86528,31.4,20.3,74.0,36.0,59.958333333333336,918.4083333333334,24.11458333333333
2019-10-25,1.2605082941535786,74.0988,34.3,18.8,81.0,25.0,56.416666666666664,918.1791666666668,25.26041666666667
2019-10-26,2.0640439950495333,87.02928,35.3,16.6,84.0,25.0,56.333333333333336,918.7458333333333,24.99375
2019-10-27,1.4843941955482531,86.61815999999997,32.2,17.6,80.0,33.0,55.833333333333336,919.3125000000001,24.127083333333335
2019-10-28,1.3862524305533273,75.12299999999999,33.9,19.9,89.0,27.0,58.541666666666664,918.4708333333334,24.914583333333333
2019-10-29,1.3463823385241385,82.1358,33.1,18.3,92.0,30.0,68.58333333333333,917.4416666666665,22.75625
2019-10-30,1.061157834007635,86.80464,31.2,17.2,92.0,35.0,73.04166666666667,917.7625000000002,22.28125
2019-10-31,1.343315408368047,70.97579999999999,31.0,18.8,88.0,35.0,65.66666666666667,918.4999999999999,23.827083333333334
2019-11-01,1.2666421544657613,51.746399999999994,30.9,18.7,90.0,40.0,68.08333333333333,918.4375000000001,23.375
2019-11-02,1.8984297666205965,63.86256000000001,29.1,18.5,89.0,43.0,69.04166666666667,918.8249999999999,22.568749999999998
2019-11-03,1.7512171191282075,99.81251999999999,32.3,19.5,78.0,30.0,57.458333333333336,916.5499999999998,24.489583333333336
2019-11-04,1.2267720624365723,105.34535999999999,35.0,20.9,71.0,21.0,46.708333333333336,915.1166666666667,27.375
2019-11-05,1.193035830719567,77.5656,35.4,21.5,83.0,28.0,50.958333333333336,915.9374999999999,27.30625
2019-11-06,1.0918271355685496,80.2836,34.9,21.6,81.0,28.0,57.541666666666664,916.1666666666669,27.14583333333333
2019-11-07,2.002705391927705,84.78756,31.3,22.3,74.0,36.0,56.583333333333336,916.8083333333337,26.150000000000002
2019-11-08,1.7174808874112015,77.58828,33.1,20.6,88.0,31.0,54.208333333333336,915.3625000000001,26.056250000000002
2019-11-09,1.3494492686802297,97.15644,33.8,19.5,89.0,29.0,61.416666666666664,916.2125000000001,25.80416666666667
2019-11-10,1.3157130369632244,94.68791999999999,34.6,20.1,82.0,24.0,50.833333333333336,916.8791666666667,26.625000000000004
2019-11-11,1.4414571733629726,95.82407999999998,35.1,21.5,70.0,21.0,45.875,915.975,27.65833333333333
2019-11-12,2.7387686293896487,56.68415999999999,27.6,20.7,72.0,50.0,61.958333333333336,917.7125000000001,23.57708333333333
2019-11-13,2.2204574330101963,76.24619999999999,30.6,19.9,87.0,39.0,62.791666666666664,917.8875000000002,23.897916666666667
2019-11-14,1.723614747723385,49.39236,30.8,20.0,89.0,42.0,72.08333333333333,916.7750000000001,22.90416666666667
2019-11-15,0.9047443960469723,28.29888,25.4,19.0,92.0,65.0,85.54166666666667,915.166666666667,20.777083333333337
2019-11-16,0.8955436055786979,70.15320000000001,28.5,18.8,92.0,50.0,78.29166666666667,913.0916666666667,21.91875
2019-11-17,1.855492744435316,57.220560000000006,27.8,19.4,85.0,54.0,71.375,914.4958333333334,22.885416666666668
2019-11-18,1.214504341812207,19.058040000000002,22.8,18.8,91.0,75.0,84.25,918.0666666666667,20.597916666666666
2019-11-19,1.0335554626028123,57.039840000000005,28.7,18.7,91.0,49.0,81.04166666666667,918.7208333333334,21.339583333333334
2019-11-20,1.4598587542995214,31.986720000000002,24.0,19.2,90.0,59.0,77.08333333333333,918.9166666666666,21.029166666666665
2019-11-21,2.2480598044150195,73.63512,28.7,19.2,80.0,44.0,67.20833333333333,918.4541666666664,22.61458333333333
2019-11-22,1.7972210714695787,56.857319999999994,28.5,18.8,84.0,48.0,71.79166666666667,917.2583333333336,22.391666666666666
2019-11-23,1.067291694319818,72.89855999999999,30.2,17.9,92.0,44.0,79.54166666666667,916.3958333333335,22.210416666666667
2019-11-24,0.8342050024568692,49.39524000000001,27.0,18.6,92.0,55.0,83.875,915.8416666666666,20.983333333333334
2019-11-25,1.659209214445464,76.25988,26.7,17.1,87.0,54.0,71.75,917.0083333333332,20.906249999999996
2019-11-26,2.110047947390905,98.17955999999998,28.9,18.1,82.0,45.0,67.66666666666667,917.8583333333335,22.077083333333334
2019-11-27,1.656142284289373,100.38348000000002,29.9,17.5,80.0,39.0,62.916666666666664,917.3541666666666,22.63125
2019-11-28,1.2635752243096694,77.22287999999999,31.9,18.7,88.0,40.0,67.75,915.2916666666666,23.858333333333334
2019-11-29,1.0979609958807324,42.073919999999994,26.7,19.6,91.0,62.0,80.75,916.0999999999999,22.02916666666666
2019-11-30,1.024354672134538,63.21995999999999,28.3,19.4,91.0,52.0,79.33333333333333,916.7083333333334,22.806249999999995
2019-12-01,1.1224964371294637,66.09276000000001,29.4,19.7,92.0,47.0,76.95833333333333,916.4291666666667,23.27916666666667
2019-12-02,0.9722168594809839,65.79503999999999,30.1,19.2,92.0,49.0,79.45833333333333,915.7583333333336,22.770833333333336
2019-12-03,1.910697487244962,50.69520000000001,25.4,19.2,91.0,65.0,80.58333333333333,915.9833333333335,21.529166666666665
2019-12-04,2.0916463664543565,77.24987999999999,27.4,18.6,89.0,56.0,73.75,917.6250000000001,22.114583333333336
2019-12-05,1.024354672134538,50.5728,27.3,19.3,91.0,65.0,83.54166666666667,916.8125,21.99791666666667
2019-12-06,1.1408980180660124,55.750319999999995,28.9,19.4,92.0,54.0,82.125,915.0791666666668,22.55625
2019-12-07,0.6931262152766636,29.77056000000001,26.6,20.3,92.0,66.0,87.75,915.5500000000001,21.704166666666666
2019-12-08,1.9045636269327793,49.9788,24.1,18.5,90.0,64.0,77.45833333333333,917.645833333333,20.4625
2019-12-09,1.631606843040642,58.38119999999999,27.7,18.3,84.0,55.0,75.16666666666667,917.8333333333334,21.68333333333333
2019-12-10,0.993685370573624,32.67756000000001,25.6,19.7,91.0,68.0,83.41666666666667,917.5583333333333,21.45416666666667
2019-12-11,0.6225868216865608,47.096999999999994,28.0,19.4,92.0,56.0,78.875,916.0916666666664,22.31875
2019-12-12,0.9200790468274294,54.48203999999999,27.2,19.1,92.0,61.0,83.625,915.6208333333334,21.739583333333332
2019-12-13,0.9660829991688009,98.29584000000003,31.3,18.5,92.0,39.0,72.58333333333333,916.5791666666668,23.685416666666665
2019-12-14,1.8585596745914075,91.87308000000002,30.2,18.9,88.0,43.0,64.41666666666667,919.9500000000003,24.412499999999998
2019-12-15,2.6191583533020824,105.71867999999999,29.0,20.2,77.0,32.0,56.083333333333336,920.6916666666666,24.187499999999996
2019-12-16,1.6960123763185617,108.74412,30.0,18.7,77.0,26.0,56.666666666666664,918.8708333333335,23.90625
2019-12-17,1.5856028906992703,106.12223999999999,31.2,20.3,78.0,28.0,55.833333333333336,916.6958333333333,25.12291666666667
2019-12-18,1.3003783861827667,97.16651999999999,32.4,20.8,70.0,28.0,52.208333333333336,916.5708333333336,26.097916666666663
2019-12-19,1.7297486080355675,60.88716000000001,30.5,19.9,89.0,43.0,67.45833333333333,918.3708333333333,24.087500000000002
2019-12-20,1.6040044716358188,90.21131999999999,30.7,19.7,88.0,42.0,66.04166666666667,918.475,24.44791666666667
2019-12-21,0.9170121166713381,61.39476,29.2,20.0,91.0,46.0,69.45833333333333,917.9708333333333,23.9125
2019-12-22,1.1777011799391097,100.94796000000001,32.9,20.3,84.0,34.0,59.458333333333336,916.8625000000001,25.975000000000005
2019-12-23,1.0642247641637264,49.686840000000004,25.9,19.0,91.0,59.0,78.58333333333333,917.9916666666667,22.360416666666666
2019-12-24,0.9139451865152465,32.139,24.6,17.6,91.0,65.0,81.29166666666667,918.0833333333335,21.237500000000004
2019-12-25,1.2543744338413956,106.95960000000001,30.3,17.4,91.0,36.0,67.5,917.7166666666668,23.354166666666664
2019-12-26,1.5641343796066298,84.21552000000001,30.4,20.8,79.0,37.0,60.541666666666664,918.6750000000002,24.989583333333336
2019-12-27,1.8493588841231334,86.2704,29.1,19.9,83.0,40.0,60.208333333333336,919.5666666666666,24.0
2019-12-28,1.4445241035190641,74.16828000000001,28.6,19.7,88.0,44.0,65.58333333333333,918.8416666666668,23.24791666666667
2019-12-29,1.1623665291586525,69.95988,29.4,18.8,90.0,40.0,72.66666666666667,917.5208333333334,22.43333333333333
2019-12-30,1.5948036811675443,85.08923999999999,29.3,18.1,84.0,32.0,61.375,915.8666666666664,22.852083333333333
2019-12-31,1.7328155381916583,94.01579999999998,29.9,18.8,79.0,37.0,59.125,915.2041666666668,23.981250000000003
