,Data,vento,radiacao,temp_max,temp_min,umi_max,umi_min,umi_rel,press_atm,temp_media,J,Eto
0,2018-01-01,1.1961027608756585,75.66515999999999,29.8,20.3,92.0,40.0,75.375,916.4916666666667,23.59583333333333,1,5.405639469146857
1,2018-01-02,1.3862524305533273,74.78532,29.8,19.4,92.0,49.0,71.58333333333333,914.3500000000003,23.9125,2,5.66926106202299
2,2018-01-03,1.260508294153578,76.30523999999998,30.1,18.7,93.0,47.0,74.16666666666667,913.7458333333333,23.760416666666664,3,5.8923845999017175
3,2018-01-04,0.972216859480984,21.312720000000002,22.4,18.8,93.0,85.0,91.16666666666669,916.4916666666667,20.397916666666664,4,3.6331624344389706
4,2018-01-05,0.9108782563591552,48.75192,28.0,19.0,93.0,58.0,85.95833333333331,918.8625000000003,21.172916666666666,5,5.3273150542876735
5,2018-01-06,0.8035357008959552,60.44328000000001,27.3,17.7,92.0,57.0,79.45833333333333,918.5916666666667,21.45833333333333,6,5.433273006703505
6,2018-01-07,1.0120869515101725,75.46607999999998,29.7,19.1,92.0,46.0,73.375,917.5166666666668,23.37291666666667,7,5.6788243473082245
7,2018-01-08,2.021106972864253,100.06452000000002,29.0,20.2,80.0,34.0,60.70833333333334,918.9958333333329,24.227083333333336,8,5.08785921483468
8,2018-01-09,2.2725952456637506,98.40024,29.2,19.7,73.0,39.0,55.58333333333334,920.9708333333333,23.74166666666667,9,5.236446633462288
9,2018-01-10,2.192855061605374,97.79904000000002,29.4,20.3,77.0,38.0,58.20833333333334,921.7000000000003,24.422916666666666,10,5.168969772833224
10,2018-01-11,2.039508553800802,94.87331999999999,27.7,19.6,77.0,44.0,60.16666666666666,920.7791666666667,23.45208333333333,11,4.9193895714204965
11,2018-01-12,1.2022366211878412,89.11007999999998,29.7,19.8,74.0,39.0,60.66666666666666,918.3666666666667,23.65000000000001,12,5.3358385680434175
12,2018-01-13,1.2543744338413956,87.63875999999998,30.1,19.9,77.0,34.0,59.25,917.0916666666667,24.322916666666664,13,5.394410319090354
13,2018-01-14,1.1500988085342865,51.12612000000001,28.5,19.4,90.0,54.0,74.70833333333333,918.4833333333332,22.78958333333334,14,5.302682757345574
14,2018-01-15,0.8127364913642294,63.01691999999999,29.8,18.9,89.0,47.0,72.33333333333333,918.9916666666667,23.239583333333336,15,5.704991663342545
15,2018-01-16,1.3494492686802295,89.79084,30.7,19.1,90.0,38.0,63.41666666666666,919.7833333333334,25.02291666666667,16,5.825140537435305
16,2018-01-17,1.7420163286599333,102.49596,30.2,19.7,77.0,35.0,56.58333333333334,919.5291666666667,25.20208333333333,17,5.450452305463103
17,2018-01-18,1.3954532210216015,101.29895999999997,30.7,19.5,68.0,27.0,46.125,919.7541666666666,25.08541666666667,18,5.463507949864796
18,2018-01-19,1.278909875090127,105.08148,32.4,20.2,69.0,23.0,45.54166666666666,919.2791666666667,25.975,19,5.671933441265589
19,2018-01-20,1.2911775957144926,107.70876000000001,32.4,21.3,61.0,19.0,39.833333333333336,918.3333333333335,26.854166666666664,20,5.336777414976892
20,2018-01-21,1.5733351700749043,101.71296,32.2,21.8,51.0,21.0,37.0,917.6000000000003,26.704166666666666,21,5.1107226395941705
21,2018-01-22,1.683744655694196,72.99576,31.1,21.9,77.0,34.0,53.75,916.3791666666666,25.489583333333336,22,5.160848799534599
22,2018-01-23,1.5089296367969844,66.85775999999998,29.7,20.4,88.0,45.0,64.54166666666667,916.9625,24.02708333333333,23,5.279645129177441
23,2018-01-24,1.3954532210216015,80.63028,30.6,20.8,83.0,38.0,59.95833333333334,916.7666666666668,24.63958333333333,24,5.337517926391696
24,2018-01-25,2.143784179107911,100.63439999999996,29.8,20.7,73.0,38.0,56.54166666666666,915.8083333333333,24.79583333333333,25,5.080078597113397
25,2018-01-26,1.4813272653921616,93.40092,31.3,20.1,66.0,30.0,50.875,915.4208333333336,25.1625,26,5.436560059060103
26,2018-01-27,1.582535960543179,73.98071999999998,30.9,21.7,71.0,33.0,53.0,915.5,25.71666666666667,27,5.069838042215199
27,2018-01-28,1.5610674494505383,91.23444,32.3,20.5,80.0,29.0,56.625,915.3041666666667,25.67708333333333,28,5.687872573825913
28,2018-01-29,1.1040948561929154,68.68548,30.5,19.8,91.0,44.0,63.625,914.0583333333333,25.03125,29,5.59099352453163
29,2018-01-30,0.8280711421446867,55.08972000000001,29.4,18.7,93.0,55.0,83.08333333333333,913.1875,22.97083333333333,30,5.625171017163755
30,2018-01-31,0.7023270057449379,43.84331999999999,27.9,19.7,93.0,59.0,86.54166666666669,913.2833333333333,21.922916666666666,31,5.002085042089708
31,2018-02-01,0.9108782563591552,37.13868,25.9,18.1,91.0,69.0,84.41666666666667,914.5,20.735416666666666,32,4.867301791713683
32,2018-02-02,1.1040948561929154,24.56964,21.6,18.3,92.0,81.0,90.20833333333331,913.7458333333334,19.922916666666666,33,3.402349018797549
33,2018-02-03,1.2911775957144926,48.47904000000001,28.1,18.0,93.0,55.0,84.79166666666667,912.2916666666664,20.654166666666665,34,5.405695234520107
34,2018-02-04,1.3801185702411447,24.21468,21.9,18.1,91.0,76.0,85.20833333333333,914.5208333333336,19.625,35,3.5763781831864327
35,2018-02-05,0.969149929324892,30.573,22.4,17.6,93.0,80.0,89.70833333333331,913.775,19.2375,36,3.9353946515884997
36,2018-02-06,1.0028861610418982,60.03071999999999,27.2,18.6,93.0,59.0,85.33333333333333,913.4541666666664,21.025000000000006,37,5.022775350374385
37,2018-02-07,0.8832758849543323,61.55388000000001,28.0,18.3,93.0,50.0,80.16666666666667,914.6833333333333,21.84166666666667,38,5.2429470687886
38,2018-02-08,0.7882010501154979,75.8106,31.2,18.4,93.0,41.0,70.125,916.0291666666666,23.75625,39,5.930331595496874
39,2018-02-09,1.797221071469579,82.77228000000001,31.3,20.6,83.0,40.0,66.95833333333333,917.5375,24.583333333333336,40,5.419963617406791
40,2018-02-10,1.128630297441647,54.36792,30.0,21.2,90.0,50.0,75.45833333333333,918.2875000000003,23.5,41,5.057822072969041
41,2018-02-11,1.5549335891383558,84.06035999999997,30.2,20.6,86.0,42.0,68.04166666666667,918.1833333333328,24.5,42,5.157936299380163
42,2018-02-12,1.441457173362973,99.117,30.1,19.2,69.0,29.0,52.33333333333334,917.75,24.31041666666667,43,5.1818735770749695
43,2018-02-13,1.5672013097627218,96.77376,29.8,20.2,75.0,36.0,55.20833333333334,918.3291666666664,24.98958333333333,44,5.002688773182737
44,2018-02-14,1.7205478175672932,90.95112,29.5,20.7,77.0,35.0,56.66666666666666,919.9958333333336,24.84166666666667,45,4.818339433195682
45,2018-02-15,1.919898277713236,80.47475999999997,28.6,18.6,78.0,42.0,57.875,921.1958333333333,23.87083333333333,46,5.083732260661669
46,2018-02-16,1.5610674494505388,76.51187999999998,28.7,19.1,90.0,40.0,64.5,921.5375000000003,23.33750000000001,47,5.054077266724466
47,2018-02-17,1.515063497109167,72.7794,28.7,19.0,82.0,44.0,64.125,919.7291666666667,23.172916666666666,48,5.035634931886778
48,2018-02-18,1.3954532210216009,87.27011999999998,30.6,19.6,81.0,39.0,62.29166666666666,917.3541666666665,24.10416666666667,49,5.3045278966182465
49,2018-02-19,1.3463823385241385,45.52776,28.3,20.8,90.0,53.0,70.54166666666667,915.9208333333336,23.6625,50,4.592732029155839
50,2018-02-20,0.8955436055786979,62.63639999999998,28.6,19.2,91.0,54.0,81.29166666666667,915.9208333333336,22.183333333333334,51,5.039167351507932
51,2018-02-21,0.907811326203064,61.19675999999998,28.3,19.6,91.0,59.0,82.08333333333333,915.3541666666667,22.591666666666665,52,4.88518733974081
52,2018-02-22,0.7636656088667665,32.788079999999994,25.3,19.2,92.0,69.0,87.625,915.5124999999997,20.983333333333334,53,4.18175124484757
53,2018-02-23,0.5888505899695549,56.22156,27.7,18.7,92.0,53.0,80.66666666666667,916.8083333333334,21.72708333333333,54,4.87403308304506
54,2018-02-24,1.4935949860165272,67.46904,29.1,18.7,93.0,49.0,77.25,917.6208333333334,22.895833333333336,55,5.183528758457355
55,2018-02-25,1.5273312177335328,62.27819999999999,28.2,18.5,92.0,54.0,76.41666666666667,918.4,22.22708333333333,56,5.013244411188473
56,2018-02-26,1.3923862908655098,57.517559999999996,29.2,20.1,89.0,52.0,75.70833333333333,918.4166666666667,22.64791666666667,57,4.874908350460564
57,2018-02-27,1.1040948561929154,79.80192,29.6,19.6,89.0,48.0,70.54166666666667,918.0291666666666,23.82708333333333,58,5.0355012156058265
58,2018-02-28,1.2605082941535786,69.05340000000001,30.6,21.2,83.0,46.0,70.08333333333333,916.8791666666667,24.7375,59,4.878153966180004
59,2018-03-01,1.0028861610418982,87.27696,31.4,19.6,91.0,43.0,69.875,918.6125000000003,24.33125,60,5.397208775498914
60,2018-03-02,0.9875515102614412,51.95448,30.0,20.2,92.0,55.0,79.375,918.5541666666667,23.90208333333333,61,5.0177382428712685
61,2018-03-03,1.1194295069733724,64.27296,30.7,19.7,91.0,46.0,75.79166666666667,916.5458333333336,23.989583333333336,62,5.1980082499922124
62,2018-03-04,0.9016774658908806,59.909399999999984,29.8,20.6,90.0,53.0,77.875,914.6958333333333,23.71041666666667,63,4.821185938057371
63,2018-03-05,1.0335554626028125,66.8322,29.2,18.9,93.0,53.0,82.66666666666667,914.2125,22.74166666666667,64,5.0206372397309975
64,2018-03-06,0.8342050024568692,77.03963999999998,31.8,19.4,93.0,41.0,73.79166666666667,914.2625000000003,24.44791666666667,65,5.414428484884029
65,2018-03-07,1.1531657386903782,72.71387999999997,29.8,20.1,92.0,48.0,74.25,914.8708333333334,24.24166666666667,66,4.845519228017368
66,2018-03-08,1.0887602054124583,79.64208,30.2,19.8,93.0,47.0,77.29166666666667,914.9708333333334,23.75625,67,4.977245789383638
67,2018-03-09,0.8250042119885951,23.49468,24.7,19.4,93.0,68.0,87.25,916.3041666666667,21.472916666666666,68,3.7311814717692373
68,2018-03-10,0.9323467674517952,51.79427999999999,27.5,20.2,92.0,60.0,82.58333333333333,915.8583333333332,22.54791666666667,69,4.256052110704884
69,2018-03-11,0.9538152785444352,36.79955999999999,26.8,19.7,93.0,66.0,87.54166666666669,914.2041666666664,22.00208333333333,70,4.200030808276379
70,2018-03-12,0.8802089547982407,77.01227999999998,30.4,19.1,93.0,40.0,75.25,913.8625,23.78958333333333,71,5.009957181551775
71,2018-03-13,0.6747246343401149,83.17368,31.6,19.3,91.0,39.0,65.54166666666667,915.2791666666664,25.208333333333336,72,5.185163652495596
72,2018-03-14,1.337181548055864,78.91524,31.6,21.7,88.0,44.0,68.16666666666667,917.7125,25.70833333333333,73,4.747891975714126
73,2018-03-15,1.2451736433731209,89.45244,31.5,21.1,89.0,39.0,62.83333333333334,918.2041666666668,26.391666666666666,74,4.784132771054389
74,2018-03-16,1.1531657386903782,69.93539999999999,31.0,18.6,93.0,45.0,70.25,917.7458333333333,24.68541666666667,75,5.160866911936526
75,2018-03-17,0.8372719326129607,55.58219999999999,29.3,19.2,92.0,50.0,81.25,917.2208333333334,22.21875,76,4.690857900240161
76,2018-03-18,1.278909875090127,75.76667999999998,29.4,19.0,92.0,45.0,73.125,916.2374999999997,23.145833333333336,77,4.692149392748741
77,2018-03-19,1.0979609958807326,80.86175999999998,30.7,19.1,89.0,36.0,67.04166666666667,915.9333333333334,24.43125,78,4.835121383269152
78,2018-03-20,0.7483309580863095,78.24744000000003,29.7,19.1,92.0,41.0,71.54166666666667,916.5083333333336,23.879166666666666,79,4.661119950212276
79,2018-03-21,0.5980513804378291,38.64995999999999,28.1,20.2,90.0,53.0,74.70833333333333,916.9625,23.016666666666666,80,4.135625331488228
80,2018-03-22,0.6931262152766637,47.46996000000001,28.9,19.3,92.0,51.0,81.5,916.8875,22.12291666666667,81,4.46755083493033
81,2018-03-23,1.530398147889624,69.37523999999998,28.4,18.1,92.0,55.0,76.125,917.8583333333336,22.347916666666666,82,4.572888515141109
82,2018-03-24,2.011906182395979,62.4726,26.8,19.3,80.0,45.0,67.75,919.4625000000003,22.375,83,3.864167502924185
83,2018-03-25,2.0824455759860823,68.66712,27.9,18.9,83.0,53.0,69.75,919.7249999999997,22.37291666666667,84,4.2096940338671835
84,2018-03-26,1.9106974872449611,85.2696,27.5,19.2,81.0,40.0,65.16666666666667,919.8125,22.708333333333336,85,3.9639137258521364
85,2018-03-27,1.7113470270990192,70.55351999999999,27.9,19.1,81.0,37.0,62.33333333333334,920.5375,22.60208333333333,86,4.0207399585106165
86,2018-03-28,1.5580005192944473,69.10235999999998,27.6,17.3,86.0,45.0,64.29166666666667,920.2166666666666,22.37291666666667,87,4.314799278491956
87,2018-03-29,1.8248234428744017,76.1688,27.6,18.7,82.0,41.0,64.41666666666667,919.5416666666665,22.73333333333333,88,4.00928705373923
88,2018-03-30,1.7021462366307452,80.1198,28.1,17.7,86.0,38.0,65.16666666666667,918.6833333333333,22.472916666666666,89,4.247325633144931
89,2018-03-31,1.5672013097627218,73.80539999999998,27.9,18.6,82.0,42.0,65.79166666666667,918.0833333333336,22.583333333333336,90,4.039113942290658
90,2018-04-01,1.3095791766510416,79.18379999999998,28.7,17.9,81.0,40.0,64.20833333333333,916.9958333333333,22.870833333333334,91,4.25124689341857
91,2018-04-02,1.1408980180660129,62.81352,29.1,19.1,83.0,47.0,66.41666666666667,916.2708333333335,23.6125,92,4.174216062481773
92,2018-04-03,0.9476814182322524,61.98228,30.2,19.1,88.0,46.0,70.45833333333333,914.4666666666667,24.129166666666666,93,4.385350074954147
93,2018-04-04,0.8710081643299665,67.37508000000001,30.0,19.8,91.0,45.0,74.5,914.4916666666667,23.572916666666664,94,4.223383529576057
94,2018-04-05,1.1316972275977384,68.40575999999999,30.5,18.9,91.0,44.0,75.875,914.8625000000003,23.181249999999995,95,4.421047845108992
95,2018-04-06,1.58560289069927,45.7128,26.1,19.3,92.0,50.0,77.04166666666667,916.3083333333334,21.61041666666667,96,3.4937443632978007
96,2018-04-07,1.6132052621040929,59.9202,28.5,18.6,84.0,45.0,68.75,917.9583333333335,22.5625,97,3.9952186604599556
97,2018-04-08,1.7880202810013046,61.77024,27.7,19.3,85.0,49.0,69.875,919.1958333333333,22.56458333333333,98,3.735464811858295
98,2018-04-09,1.766551769908664,60.252840000000006,27.0,18.9,84.0,47.0,68.83333333333333,919.9125,22.12083333333333,99,3.6254223701447237
99,2018-04-10,1.8800281856840475,74.48364000000002,27.0,19.1,82.0,44.0,66.125,920.4708333333333,22.2125,100,3.5420661883167903
100,2018-04-11,1.8738943253718645,63.362880000000004,26.6,18.2,82.0,45.0,65.0,920.7833333333333,21.69583333333333,101,3.5921364776946243
101,2018-04-12,2.14071724895182,43.5744,26.5,17.9,78.0,51.0,67.16666666666667,921.4583333333333,20.754166666666674,102,3.6054709091607267
102,2018-04-13,1.7236147477233843,56.50452000000001,26.7,18.0,84.0,50.0,69.70833333333333,921.8833333333333,21.60833333333333,103,3.6266803157936263
103,2018-04-14,1.4138548019581498,68.157,29.3,16.5,90.0,40.0,66.16666666666667,922.3833333333333,22.543750000000006,104,4.22075348992751
104,2018-04-15,1.4291894527386069,41.40828,27.4,19.3,81.0,50.0,66.54166666666667,922.6,22.50833333333333,105,3.48630234785676
105,2018-04-16,2.2664613853515685,41.27147999999999,24.4,18.9,80.0,59.0,70.625,921.9708333333334,20.966666666666672,106,2.98153994354427
106,2018-04-17,2.0395085538008013,60.66755999999999,24.8,17.2,77.0,45.0,63.25,923.15,20.179166666666667,107,3.2558287599938454
107,2018-04-18,1.981236880835064,68.02632,24.9,14.7,84.0,45.0,64.20833333333333,924.7333333333332,19.347916666666666,108,3.6282840157463854
108,2018-04-19,1.1961027608756585,55.88711999999999,24.6,14.9,86.0,49.0,69.70833333333333,923.9791666666665,19.335416666666667,109,3.559940457563892
109,2018-04-20,1.0335554626028125,63.45036,27.3,15.0,88.0,34.0,64.83333333333333,921.6041666666667,20.897916666666667,110,3.8478916965710908
110,2018-04-21,1.7726856302208474,52.37964,25.1,17.5,79.0,50.0,68.70833333333333,919.7375,20.485416666666666,111,3.1986058204509082
111,2018-04-22,2.011906182395979,59.734080000000006,25.5,16.8,81.0,46.0,66.66666666666667,920.0875,20.110416666666666,112,3.328990808617894
112,2018-04-23,1.9475006491180589,55.792080000000006,24.8,16.0,81.0,49.0,66.20833333333333,921.3416666666667,19.872916666666672,113,3.3158081357900997
113,2018-04-24,1.9137644174010533,50.56776,25.9,17.3,83.0,51.0,70.0,922.1291666666666,20.639583333333334,114,3.3110549877600426
114,2018-04-25,1.7450832588160243,51.00804,26.1,16.9,89.0,50.0,70.91666666666667,922.5041666666671,21.020833333333336,115,3.397785863546181
115,2018-04-26,1.6837446556941955,69.14304000000001,27.5,17.5,87.0,43.0,67.0,921.425,22.07083333333333,116,3.464828661137849
116,2018-04-27,1.77881949053303,70.51788,27.9,18.5,81.0,40.0,64.375,921.1583333333333,22.422916666666676,117,3.321622793624438
117,2018-04-28,1.4506579638312476,58.582440000000005,27.6,17.3,87.0,38.0,66.375,921.95,21.745833333333334,118,3.4202792209468407
118,2018-04-29,1.4598587542995214,66.77856,26.7,16.3,86.0,41.0,65.33333333333333,921.5375000000003,21.135416666666668,119,3.391660589788629
119,2018-04-30,1.3954532210216015,70.23743999999999,27.2,17.0,74.0,36.0,58.08333333333334,921.5166666666664,21.152083333333334,120,3.2490466093247194
120,2018-05-01,0.6839254248083891,61.83324,28.4,14.9,84.0,30.0,55.16666666666666,921.5833333333335,21.381249999999994,121,3.618156827630522
121,2018-05-02,1.1930358307195672,71.55972000000001,27.9,13.9,83.0,22.0,52.91666666666666,922.1791666666667,20.895833333333336,122,3.545685991530508
122,2018-05-03,1.309579176651041,68.29812,28.5,16.6,70.0,31.0,51.20833333333334,921.7708333333336,21.6625,123,3.309554206630369
123,2018-05-04,1.43532331305079,67.52879999999998,28.2,16.6,81.0,36.0,58.91666666666666,921.5,21.91875,124,3.367192261196317
124,2018-05-05,1.441457173362973,68.16672,28.4,17.9,82.0,37.0,63.125,922.0458333333332,22.312500000000004,125,3.248788048329372
125,2018-05-06,1.0059530911979897,53.6832,27.8,15.6,91.0,42.0,70.75,922.375,21.077083333333334,126,3.47447316325474
126,2018-05-07,1.3126461068071331,46.45691999999999,25.9,15.7,87.0,43.0,66.125,922.4791666666664,20.587499999999995,127,3.1652897744364643
127,2018-05-08,0.9538152785444352,43.41636,26.0,14.9,88.0,47.0,68.33333333333333,921.8916666666668,19.84375,128,3.266976737975207
128,2018-05-09,1.5089296367969844,44.46396,25.5,14.8,89.0,47.0,67.79166666666667,922.3416666666667,19.775,129,3.193339541396106
129,2018-05-10,1.3893193607094187,66.01392,25.0,12.9,90.0,45.0,69.41666666666667,922.0833333333335,18.629166666666674,130,3.2861451938278052
130,2018-05-11,0.8832758849543324,65.10347999999999,27.7,14.5,85.0,36.0,63.375,921.3666666666664,20.283333333333328,131,3.349512836783949
131,2018-05-12,0.7851341199594063,62.28612,29.1,15.4,90.0,31.0,64.04166666666667,919.2124999999997,21.247916666666672,132,3.4155785538110774
132,2018-05-13,0.5520474280964577,42.66072000000001,28.3,17.4,82.0,32.0,64.08333333333333,919.1,21.44375,133,3.0631579768339923
133,2018-05-14,2.0609770648934416,55.07136,26.7,19.0,79.0,45.0,66.41666666666667,920.6916666666667,21.950000000000006,134,2.7316098493169116
134,2018-05-15,1.7174808874112018,49.19112,26.5,18.1,80.0,44.0,66.875,921.0666666666671,21.01875,135,2.786371979041829
135,2018-05-16,1.1623665291586525,60.69743999999999,28.0,17.3,85.0,42.0,66.875,919.7625000000003,21.654166666666665,136,3.0597360706738828
136,2018-05-17,0.9476814182322524,49.55652,26.6,16.8,90.0,54.0,72.08333333333333,919.4625,21.310416666666672,137,3.00723439602934
137,2018-05-18,1.389319360709418,43.65072,27.0,18.8,82.0,47.0,70.29166666666667,919.6208333333333,21.66666666666667,138,2.7495862179800676
138,2018-05-19,1.45679182414343,45.02159999999999,28.6,17.4,90.0,46.0,76.58333333333333,917.5541666666667,20.610416666666666,139,3.1269242647416733
139,2018-05-20,1.5273312177335328,32.209559999999996,19.1,12.5,93.0,45.0,77.08333333333333,916.7541666666666,16.552083333333336,140,2.426211664172496
140,2018-05-21,0.5,66.48084,24.4,8.7,92.0,21.0,62.08333333333334,919.2291666666667,15.447916666666664,141,3.1516082808382553
141,2018-05-22,0.5,64.97171999999999,26.2,9.8,88.0,34.0,61.25,920.9041666666666,17.518750000000004,142,3.2943257074172783
142,2018-05-23,0.6747246343401149,64.11528,27.1,13.7,92.0,30.0,64.83333333333333,922.0541666666667,19.68125,143,3.0846868020218974
143,2018-05-24,1.662276144601556,47.34144000000001,24.6,14.8,86.0,52.0,70.04166666666667,924.3083333333334,19.014583333333334,144,2.793213125771965
144,2018-05-25,1.864693534903591,49.06079999999999,23.7,15.3,83.0,54.0,71.70833333333333,923.8541666666664,18.65625,145,2.6177643461207873
145,2018-05-26,1.3341146178997727,49.36464,24.7,13.4,92.0,52.0,75.45833333333333,923.3375000000003,17.910416666666666,146,2.928805196992841
146,2018-05-27,1.5303981478896242,58.92768,24.9,13.9,89.0,43.0,69.54166666666667,924.3166666666667,18.49375,147,2.826105297742621
147,2018-05-28,1.6714769350698304,63.1908,24.7,12.4,89.0,33.0,64.625,924.975,18.354166666666664,148,2.8469157689011926
148,2018-05-29,1.9045636269327797,60.02856000000001,23.9,13.9,81.0,40.0,62.33333333333334,925.1416666666668,18.191666666666666,149,2.630180280616708
149,2018-05-30,1.0458231832271785,57.12336,25.0,11.6,90.0,32.0,63.58333333333334,923.6416666666664,17.47083333333333,150,2.902701962979656
150,2018-05-31,1.4046540114898758,49.19832,24.4,12.7,89.0,33.0,61.66666666666666,921.0833333333335,17.797916666666666,151,2.7510791759361712
151,2018-06-01,0.9354136976078868,40.4514,24.8,15.8,76.0,36.0,59.20833333333334,920.4541666666664,19.360416666666666,152,2.4809762058850824
152,2018-06-02,0.6409884026231091,56.6856,27.2,13.1,91.0,31.0,61.54166666666666,921.4583333333335,20.043750000000006,153,2.9718840057008333
153,2018-06-03,0.5,53.51219999999999,28.8,13.6,88.0,32.0,58.58333333333334,922.5125,20.766666666666666,154,3.07083803015932
154,2018-06-04,1.7481501889721165,41.70132,24.7,17.3,80.0,51.0,66.25,923.5833333333335,20.197916666666664,155,2.398001219192007
155,2018-06-05,1.229838992592664,55.27908000000001,25.6,15.6,81.0,44.0,67.66666666666667,920.8916666666664,19.308333333333334,156,2.6093017807941745
156,2018-06-06,1.2390397830609383,51.23304000000001,26.6,15.4,90.0,44.0,68.375,918.3125,20.410416666666666,157,2.7766615074254615
157,2018-06-07,0.5735159391890975,39.76848,27.3,15.8,87.0,44.0,66.0,919.725,21.1375,158,2.7937508030158225
158,2018-06-08,0.512177336067269,45.2556,26.4,16.3,91.0,41.0,68.33333333333333,921.0166666666668,21.168750000000006,159,2.6522834324287508
159,2018-06-09,1.1255633672855554,44.10432,26.7,15.3,91.0,55.0,75.33333333333333,922.6333333333333,20.26875,160,2.8422094341912154
160,2018-06-10,1.7880202810013046,52.443000000000005,26.3,17.2,84.0,49.0,72.20833333333333,922.7791666666667,20.333333333333336,161,2.5558976798204087
161,2018-06-11,1.1592995990025607,45.49212,26.2,16.5,85.0,48.0,71.75,921.7875000000003,19.920833333333334,162,2.597615711791772
162,2018-06-12,0.6961931454327549,41.10048,27.9,15.1,90.0,40.0,67.79166666666667,921.1458333333336,20.816666666666666,163,2.8634551257315968
163,2018-06-13,0.653256123247475,57.61368,29.0,15.7,90.0,33.0,64.91666666666667,921.3208333333333,21.643750000000004,164,2.878819836205208
164,2018-06-14,0.9415475579200694,51.38604,29.7,16.1,90.0,32.0,65.0,921.9291666666667,22.072916666666664,165,2.911642325587492
165,2018-06-15,1.7849533508452131,48.579840000000004,26.0,18.3,80.0,44.0,65.16666666666667,923.7625,21.233333333333334,166,2.353199310856427
166,2018-06-16,1.8064218619378531,57.02616,25.9,16.5,75.0,39.0,61.0,924.675,20.11458333333333,167,2.4343769234984802
167,2018-06-17,1.4690595447677957,43.63308,25.2,14.2,89.0,43.0,68.16666666666667,925.9791666666664,19.09375,168,2.637834211704165
168,2018-06-18,1.1194295069733728,50.34383999999999,24.4,13.1,92.0,43.0,70.45833333333333,926.5,18.570833333333333,169,2.652531143614164
169,2018-06-19,1.6316068430406414,32.224680000000006,22.0,14.0,89.0,58.0,73.875,926.6791666666664,17.608333333333334,170,2.3836474649602257
170,2018-06-20,1.5948036811675443,57.19608000000001,25.6,15.0,82.0,42.0,68.33333333333333,925.9958333333333,18.425,171,2.566206734457784
171,2018-06-21,0.9231459769835209,58.40532,26.6,11.9,91.0,31.0,62.5,924.3833333333333,18.695833333333333,172,2.8540643495409457
172,2018-06-22,0.7575317485545835,56.14343999999999,27.5,13.4,89.0,27.0,59.29166666666666,922.9750000000003,19.929166666666667,173,2.798617573848338
173,2018-06-23,1.5119965669530762,52.64496000000001,27.3,17.4,73.0,32.0,56.25,922.1166666666667,21.179166666666667,174,2.437781825820363
174,2018-06-24,1.2574413639974873,27.833040000000004,26.2,18.3,76.0,40.0,66.20833333333333,922.7374999999997,20.45625,175,2.3246265253374405
175,2018-06-25,1.122496437129464,51.70608,25.8,14.1,90.0,39.0,66.08333333333333,921.575,19.710416666666667,176,2.683997668652821
176,2018-06-26,1.1654334593147442,40.902120000000004,26.9,18.3,79.0,33.0,62.125,921.0041666666667,21.172916666666666,177,2.3793927110612545
177,2018-06-27,1.1685003894708352,41.35032,26.9,17.2,77.0,27.0,56.75,921.7375,21.4,178,2.4159092999616303
178,2018-06-28,1.6377407033528246,46.80252,24.7,15.4,80.0,34.0,58.54166666666666,922.9541666666664,19.570833333333333,179,2.4035540199295466
179,2018-06-29,1.551866658982264,49.9536,23.9,15.9,70.0,38.0,56.45833333333334,922.5541666666667,19.116666666666664,180,2.262707455137505
180,2018-06-30,1.122496437129464,52.95276000000001,26.0,14.4,85.0,34.0,61.79166666666666,920.3333333333335,19.660416666666666,181,2.6375516017081777
181,2018-07-01,1.3586500591485042,59.95871999999999,27.0,15.7,83.0,31.0,61.875,919.825,20.410416666666666,182,2.615513275136888
182,2018-07-02,0.7360632374619437,54.50688,27.6,14.0,89.0,28.0,61.125,920.0791666666664,20.122916666666672,183,2.8153650811032374
183,2018-07-03,0.8188703516764123,54.209880000000005,28.1,13.5,90.0,25.0,59.375,920.1958333333336,20.445833333333333,184,2.8865120128724318
184,2018-07-04,0.9875515102614408,59.4162,27.0,13.8,87.0,29.0,59.375,921.1708333333332,19.956250000000004,185,2.779295845986567
185,2018-07-05,1.3402484782119557,51.5052,25.8,16.1,74.0,34.0,56.33333333333334,922.7041666666668,19.941666666666666,186,2.4611537280524964
186,2018-07-06,1.0795594149441838,60.42564,27.0,13.1,85.0,25.0,56.83333333333334,922.8083333333329,19.5875,187,2.7967347265534257
187,2018-07-07,1.2513075036853036,60.52392,26.2,13.5,80.0,27.0,52.54166666666666,922.05,19.527083333333334,188,2.687218954505253
188,2018-07-08,0.6593899835596579,58.98924,27.4,12.6,85.0,31.0,57.04166666666666,921.2291666666664,19.61875,189,2.9345030140482384
189,2018-07-09,0.6563230534035664,57.85776,28.6,13.9,87.0,24.0,54.45833333333334,921.0666666666666,20.722916666666674,190,2.936617020147433
190,2018-07-10,0.7421970977741262,54.915119999999995,27.9,14.2,80.0,28.0,52.04166666666666,920.5166666666668,20.683333333333326,191,2.8383276684274064
191,2018-07-11,0.9476814182322524,44.3736,25.3,14.8,88.0,42.0,64.875,921.2999999999997,19.597916666666674,192,2.698033442817142
192,2018-07-12,0.9078113262030636,52.49699999999999,26.1,12.7,86.0,35.0,64.95833333333333,923.2708333333336,18.595833333333328,193,2.891274498285366
193,2018-07-13,1.4230555924264243,51.89363999999999,25.7,15.3,83.0,39.0,66.54166666666667,923.1291666666666,19.279166666666665,194,2.6779827204035214
194,2018-07-14,0.9507483483883435,46.88964000000001,26.4,13.9,88.0,31.0,64.91666666666667,922.3708333333334,19.36875,195,2.8502109921577565
195,2018-07-15,1.2758429449340356,60.89508000000001,26.5,13.3,90.0,27.0,61.91666666666666,923.1666666666667,19.183333333333334,196,2.9037172943688683
196,2018-07-16,0.938480627763978,57.45599999999999,26.6,12.9,84.0,35.0,59.25,924.5125000000003,19.152083333333334,197,2.9721721336508735
197,2018-07-17,1.444524103519064,56.27591999999999,26.4,13.1,89.0,36.0,65.25,924.7916666666664,19.185416666666672,198,2.9968893024954113
198,2018-07-18,1.8861620459962307,55.05228,25.2,15.9,81.0,36.0,60.375,924.525,19.704166666666666,199,2.613929874778627
199,2018-07-19,1.2819768052462182,62.63027999999999,26.4,14.6,81.0,36.0,60.70833333333334,923.0625,19.420833333333334,200,2.8621748885100233
200,2018-07-20,1.1163625768172811,63.70775999999999,26.7,13.3,84.0,28.0,55.70833333333334,922.3041666666664,19.847916666666674,201,2.97110853963331
201,2018-07-21,0.8771420246421494,62.20835999999999,28.2,14.0,83.0,28.0,55.91666666666666,921.9083333333334,20.775,202,3.082814054396361
202,2018-07-22,1.9444337189619672,60.67224,25.4,16.4,79.0,37.0,59.33333333333334,922.9708333333334,19.939583333333328,203,2.647013782277261
203,2018-07-23,1.4199886622703326,55.59804000000001,24.9,14.6,77.0,34.0,60.125,924.7416666666667,18.88125,204,2.7372963006222313
204,2018-07-24,1.5027957764848014,64.02131999999999,25.8,12.6,85.0,35.0,60.29166666666666,924.95,18.914583333333333,205,3.0671401971011534
205,2018-07-25,1.9597683697424249,64.161,25.0,14.5,71.0,29.0,53.875,925.6333333333333,18.79375,206,2.7237340868036415
206,2018-07-26,1.6561422842893732,60.40152,24.2,12.5,83.0,35.0,59.375,925.3625,18.352083333333333,207,2.936162748309713
207,2018-07-27,1.4874611257043444,61.43435999999999,25.5,14.8,73.0,31.0,56.95833333333334,924.0666666666664,18.98958333333333,208,2.813777540980935
208,2018-07-28,1.1255633672855554,64.15380000000002,26.8,12.9,83.0,28.0,54.95833333333334,922.7041666666664,19.410416666666674,209,3.169213603252499
209,2018-07-29,1.272776014777944,64.42128000000001,27.2,14.9,75.0,24.0,55.33333333333334,921.3208333333333,19.929166666666667,210,2.985273361122103
210,2018-07-30,0.7697994691789494,63.65951999999999,27.9,14.2,80.0,27.0,55.20833333333334,920.0041666666666,20.402083333333326,211,3.199456459564308
211,2018-07-31,1.045823183227178,47.54771999999999,29.7,15.1,81.0,28.0,52.91666666666666,919.2333333333332,21.51458333333333,212,3.367923362612846
212,2018-08-01,1.4629256844556129,49.38335999999998,26.3,15.4,84.0,45.0,64.41666666666667,919.3625,20.26875,213,3.1133177398051095
213,2018-08-02,1.7021462366307445,34.490880000000004,23.8,17.2,88.0,55.0,75.125,920.7875,19.26875,214,2.6567816509994424
214,2018-08-03,1.8738943253718645,45.59076000000001,26.3,15.2,87.0,46.0,71.70833333333333,919.8541666666667,19.391666666666666,215,3.20230592561408
215,2018-08-04,0.7513978882424007,26.36172,22.1,16.2,92.0,68.0,85.625,919.2083333333335,18.12708333333333,216,2.615211889818994
216,2018-08-05,0.5,43.66584,26.1,14.9,93.0,48.0,76.54166666666667,918.9666666666667,19.55625,217,3.3008525382970073
217,2018-08-06,1.0948940657246409,34.05312,25.5,16.8,89.0,57.0,72.625,920.7208333333333,21.102083333333333,218,3.0537502537878853
218,2018-08-07,1.3647839194606872,44.61300000000001,25.9,16.2,93.0,55.0,78.125,922.1041666666665,20.022916666666664,219,3.2164190733406564
219,2018-08-08,1.6530753541332814,67.49423999999999,28.4,17.1,87.0,33.0,65.79166666666667,922.975,21.80625,220,3.3220635597693153
220,2018-08-09,1.2206382021243896,36.411120000000004,25.4,17.9,80.0,51.0,68.375,921.2583333333333,20.90625,221,2.893646958598423
221,2018-08-10,0.9078113262030636,48.26736,27.7,16.6,87.0,42.0,67.54166666666667,918.8666666666667,21.362500000000004,222,3.390567790034534
222,2018-08-11,1.0580909038515438,74.60459999999998,27.6,13.2,74.0,12.0,41.5,919.4666666666667,20.7375,223,3.3843159220744363
223,2018-08-12,0.6900592851205721,74.04084,28.1,10.3,72.0,12.0,37.583333333333336,920.2875,19.233333333333334,224,3.6692328238075924
224,2018-08-13,0.8894097452665151,72.50363999999998,26.9,10.5,84.0,26.0,53.58333333333334,920.1208333333333,18.854166666666664,225,3.806505954115119
225,2018-08-14,1.1102287165050986,72.73584,28.2,11.8,84.0,19.0,51.5,920.0333333333333,19.89375,226,3.813751956413786
226,2018-08-15,1.5917367510114533,70.67232,29.9,16.7,70.0,14.0,49.25,920.2625000000003,21.76875,227,3.431221514996629
227,2018-08-16,2.235792083790653,46.72404,24.2,17.2,69.0,48.0,60.66666666666666,923.4,19.94375,228,2.8891898715528206
228,2018-08-17,1.6592092144454649,35.55215999999999,23.6,15.7,89.0,49.0,70.41666666666667,925.6749999999997,18.8125,229,3.1122650605380233
229,2018-08-18,1.9198982777132363,57.161519999999996,23.6,15.0,87.0,47.0,71.58333333333333,924.9416666666666,17.997916666666672,230,3.211659568577937
230,2018-08-19,1.646941493821099,66.15252,25.8,15.2,80.0,34.0,63.375,924.4583333333335,19.229166666666668,231,3.422243438292777
231,2018-08-20,1.7420163286599333,75.5802,26.9,15.4,78.0,26.0,53.66666666666666,924.9,20.327083333333334,232,3.507168395752502
232,2018-08-21,1.4935949860165272,72.42804,26.0,13.6,73.0,28.0,50.54166666666666,924.7125,19.83541666666667,233,3.5875603255353345
233,2018-08-22,1.5825359605431786,66.80268000000001,26.4,15.3,64.0,26.0,47.79166666666666,923.6875,20.210416666666667,234,3.407959463378934
234,2018-08-23,1.7481501889721165,64.33200000000001,26.8,16.3,78.0,34.0,54.20833333333334,921.6625,20.927083333333336,235,3.530392269181412
235,2018-08-24,1.916831347557145,74.35943999999998,27.5,17.5,67.0,37.0,53.41666666666666,921.4041666666667,21.735416666666666,236,3.461023728149929
236,2018-08-25,1.4843941955482531,50.0562,27.5,16.8,75.0,32.0,56.45833333333334,921.6625,21.36875,237,3.5928176419418354
237,2018-08-26,1.2789098750901269,59.15267999999999,28.9,17.6,79.0,33.0,58.54166666666666,922.5166666666668,22.53958333333333,238,3.767674493747984
238,2018-08-27,2.235792083790653,54.17352,24.3,17.0,79.0,50.0,66.70833333333333,923.6625000000003,19.977083333333333,239,3.231340630028822
239,2018-08-28,1.8524258142792247,41.26608,22.3,13.5,87.0,51.0,68.29166666666667,925.5291666666667,18.402083333333326,240,3.4768546523924577
240,2018-08-29,2.410607102687866,62.98631999999999,25.0,16.4,80.0,42.0,64.75,925.3291666666664,19.522916666666664,241,3.455898458123149
241,2018-08-30,2.024173903020345,57.2706,26.7,16.0,83.0,35.0,64.04166666666667,923.1750000000003,19.747916666666672,242,3.785534940944725
242,2018-08-31,1.6193391224162756,80.39124000000002,27.7,16.0,75.0,28.0,54.54166666666666,920.8,20.74375,243,3.859410642454215
243,2018-09-01,1.4445241035190644,78.52176,30.4,15.9,67.0,26.0,46.54166666666666,919.8833333333333,22.37708333333333,244,4.192015285440739
244,2018-09-02,1.7634848397525733,79.83395999999998,28.4,17.7,61.0,37.0,50.04166666666666,919.3875000000003,22.635416666666664,245,3.7731259217745063
245,2018-09-03,1.4230555924264243,71.22527999999998,31.3,18.2,69.0,25.0,47.54166666666666,917.15,23.631250000000005,246,4.137552285881922
246,2018-09-04,1.7849533508452131,68.87267999999999,26.5,16.2,90.0,25.0,50.66666666666666,914.9749999999997,21.897916666666664,247,3.8470796999605
247,2018-09-05,1.4383902432068814,83.30364,27.2,12.9,65.0,15.0,41.91666666666666,918.8125,19.75208333333333,248,4.1005540755595
248,2018-09-06,2.036441623644711,82.15056,28.5,14.4,66.0,24.0,48.20833333333334,921.9833333333336,20.335416666666667,249,4.230868574409168
249,2018-09-07,1.9444337189619672,83.45520000000002,29.4,15.7,76.0,19.0,51.54166666666666,922.5375,21.645833333333336,250,4.286445310527579
250,2018-09-08,1.6653430747576472,86.79456000000002,27.2,14.0,76.0,18.0,49.33333333333334,921.7833333333333,20.377083333333328,251,4.1957853219344905
251,2018-09-09,1.944433718961968,87.88968,28.8,15.1,67.0,17.0,45.375,921.2666666666668,20.810416666666672,252,4.230558282798105
252,2018-09-10,1.751217119128207,77.63471999999999,29.1,16.5,59.0,25.0,45.33333333333334,920.375,21.554166666666664,253,4.138270795712857
253,2018-09-11,1.6561422842893732,77.37551999999998,30.7,17.4,63.0,20.0,46.29166666666666,918.9041666666667,22.57708333333333,254,4.280097634460067
254,2018-09-12,2.5332843089315222,65.81664,27.3,17.2,75.0,40.0,58.875,920.1124999999997,21.389583333333334,255,4.055592699663866
255,2018-09-13,2.6835638865800027,78.93755999999998,26.9,16.6,78.0,39.0,62.04166666666666,920.3249999999997,20.479166666666668,256,4.114514848611307
256,2018-09-14,1.9781699506789732,73.50408,29.1,15.9,79.0,33.0,59.79166666666666,918.0,20.731250000000006,257,4.579826108413241
257,2018-09-15,0.5581812884086406,21.90276,21.9,16.2,92.0,56.0,84.66666666666667,917.3375,18.579166666666666,258,3.3691187692033435
258,2018-09-16,0.5,43.98659999999999,26.6,16.6,93.0,51.0,80.125,917.1833333333334,20.393750000000004,259,4.29728998788628
259,2018-09-17,1.0519570435393608,27.696599999999997,23.1,18.5,91.0,65.0,78.41666666666667,918.0458333333332,20.845833333333328,260,3.1862490567607167
260,2018-09-18,0.5,30.94776,25.3,17.5,91.0,57.0,76.91666666666667,918.1416666666668,20.664583333333336,261,3.9335142365981106
261,2018-09-19,0.7360632374619436,58.47948,29.7,18.6,90.0,40.0,69.125,918.8583333333336,22.643750000000004,262,4.575300540244661
262,2018-09-20,0.7452640279302178,28.541159999999998,25.7,18.6,87.0,55.0,70.45833333333333,920.1,21.83958333333333,263,3.8218255933110714
263,2018-09-21,1.1899689005634757,54.76031999999999,28.4,18.7,90.0,43.0,75.33333333333333,919.1958333333333,21.77916666666667,264,4.366558131600627
264,2018-09-22,0.9200790468274296,81.43091999999999,31.3,17.6,91.0,32.0,63.58333333333334,917.6375,23.72708333333333,265,5.063114733563494
265,2018-09-23,1.8033549317817616,83.45555999999999,31.0,19.5,78.0,33.0,56.16666666666666,918.0375000000003,24.391666666666676,266,4.645104416493307
266,2018-09-24,1.683744655694196,84.87899999999999,31.9,20.5,68.0,27.0,50.5,918.1875000000003,25.37083333333333,267,4.544597058177295
267,2018-09-25,2.1959219917614647,91.82375999999998,30.8,20.9,57.0,31.0,44.08333333333334,917.9541666666664,25.09791666666667,268,4.243509863187233
268,2018-09-26,1.941366788805876,88.93943999999998,29.1,18.8,70.0,35.0,49.70833333333334,918.2833333333334,23.61666666666667,269,4.422526750921025
269,2018-09-27,1.7573509794403899,87.99300000000002,31.3,18.6,70.0,33.0,49.5,917.3624999999997,24.53125,270,4.873006817282597
270,2018-09-28,1.5580005192944482,61.7976,31.9,21.9,61.0,30.0,48.54166666666666,917.3541666666667,25.87083333333333,271,4.384723231305198
271,2018-09-29,2.3400677090977617,68.60268,30.3,20.7,81.0,43.0,63.91666666666666,918.0499999999997,24.03125000000001,272,4.542458150329089
272,2018-09-30,2.162185760044459,36.81251999999999,26.2,20.4,82.0,57.0,69.125,918.1,22.968750000000004,273,3.7205102448190344
273,2018-10-01,1.6898785160063785,68.42268000000001,30.2,18.2,91.0,38.0,63.625,918.3624999999997,23.45208333333333,274,5.042596751655652
274,2018-10-02,1.3463823385241385,81.94823999999998,30.7,18.1,91.0,34.0,69.29166666666667,918.6583333333333,22.700000000000006,275,5.154396925144147
275,2018-10-03,1.1316972275977382,89.15183999999998,32.6,18.5,86.0,27.0,56.29166666666666,917.5916666666667,25.104166666666664,276,5.387018659965204
276,2018-10-04,1.3157130369632244,70.77311999999998,33.9,20.8,71.0,27.0,50.83333333333334,917.5499999999997,26.40416666666667,277,5.158100064977514
277,2018-10-05,2.042575483956893,71.77104,30.8,20.8,81.0,41.0,62.04166666666666,918.1958333333333,25.058333333333334,278,4.751369910351439
278,2018-10-06,2.3063314773807564,47.29715999999999,26.8,20.4,79.0,51.0,68.95833333333333,918.9749999999997,22.77708333333333,279,3.9451234069680754
279,2018-10-07,1.9781699506789732,39.31092,25.0,19.1,85.0,56.0,70.91666666666667,920.3833333333333,20.729166666666664,280,3.843866059444386
280,2018-10-08,1.9659022300546076,76.3524,30.3,18.8,79.0,36.0,61.25,919.2958333333332,23.43125,281,5.013916052955958
281,2018-10-09,1.7481501889721165,63.01620000000001,31.1,19.6,64.0,34.0,52.79166666666666,917.925,23.99166666666666,282,4.91854001773669
282,2018-10-10,1.4015870813337836,63.29663999999998,32.0,22.0,66.0,26.0,49.95833333333334,916.9625,25.735416666666676,283,4.65340025077691
283,2018-10-11,1.9659022300546083,70.09560000000002,32.3,23.3,56.0,32.0,48.29166666666666,917.8958333333335,26.47083333333334,284,4.462225328331967
284,2018-10-12,2.4167409630000485,58.43411999999999,28.5,22.0,69.0,47.0,59.45833333333334,919.6791666666667,24.54583333333333,285,4.038543059956869
285,2018-10-13,1.4199886622703328,91.80144,33.8,20.0,70.0,28.0,50.375,918.3000000000003,25.929166666666664,286,5.4723133271669
286,2018-10-14,1.0826263451002751,81.44388000000001,34.8,20.2,88.0,27.0,54.58333333333334,916.3,26.95625,287,5.855230952826077
287,2018-10-15,1.321846897275407,42.81912,29.5,20.9,88.0,51.0,72.29166666666667,915.6041666666667,24.27083333333333,288,4.719396055312751
288,2018-10-16,1.7389493985038418,88.76231999999996,29.7,19.2,89.0,47.0,71.29166666666667,916.1875,23.629166666666666,289,5.120291914308501
289,2018-10-17,1.6561422842893734,48.58235999999999,29.0,21.7,77.0,48.0,67.91666666666667,917.9000000000003,24.222916666666666,290,4.361510576329485
290,2018-10-18,1.2421067132170298,43.63596,28.5,17.8,92.0,52.0,76.83333333333333,917.3166666666666,22.53333333333333,291,5.201472062545754
291,2018-10-19,0.9415475579200694,44.445600000000006,28.3,18.9,92.0,49.0,81.83333333333333,914.7208333333333,21.87708333333333,292,4.92789398878372
292,2018-10-20,2.0456424141129848,70.22088000000001,26.9,18.9,92.0,43.0,66.0,915.7624999999997,21.831250000000004,293,4.562100875313333
293,2018-10-21,2.2081897123858307,78.54768000000001,24.7,15.9,75.0,48.0,62.375,917.8958333333333,19.83333333333333,294,4.6361981413293085
294,2018-10-22,1.769618700064756,100.43675999999999,27.7,15.2,82.0,37.0,62.70833333333334,919.3541666666665,20.5375,295,5.406453381472595
295,2018-10-23,1.6806777255381045,103.00679999999998,30.0,16.9,80.0,30.0,58.95833333333334,918.8541666666665,22.43541666666666,296,5.530492489196468
296,2018-10-24,1.453724893987339,71.90784000000001,30.8,20.0,89.0,30.0,56.75,918.3416666666667,23.8625,297,5.23174433087158
297,2018-10-25,1.15623266884647,50.26248,26.8,18.3,92.0,60.0,81.75,918.0874999999997,21.264583333333334,298,4.827157775208359
298,2018-10-26,0.8403388627690522,67.04639999999999,28.9,19.2,92.0,49.0,77.33333333333333,915.4875000000003,22.98958333333333,299,5.118176784167096
299,2018-10-27,1.1777011799391095,58.51872,29.7,19.1,92.0,48.0,81.91666666666667,913.5249999999997,22.09583333333333,300,5.345060277531584
300,2018-10-28,1.024354672134538,77.40144000000001,28.3,19.2,92.0,43.0,71.375,914.225,23.10208333333333,301,4.958865394358999
301,2018-10-29,2.1192487378591798,41.56344,24.4,18.8,89.0,60.0,74.875,917.0541666666667,20.870833333333326,302,4.0600847126829995
302,2018-10-30,1.9137644174010533,87.71580000000002,29.6,17.6,85.0,46.0,71.625,919.2958333333332,21.97708333333333,303,5.596701963174439
303,2018-10-31,1.515063497109167,71.06868000000001,28.9,18.6,83.0,46.0,67.54166666666667,919.6041666666664,22.991666666666664,304,5.235029484128378
304,2018-11-01,1.6438745636650074,76.8132,31.8,19.0,90.0,37.0,67.83333333333333,917.4874999999997,23.81875,305,5.8356138486983875
305,2018-11-02,1.2605082941535786,72.7776,30.5,17.5,90.0,40.0,66.45833333333333,916.4958333333329,23.422916666666666,306,5.854389953978954
306,2018-11-03,1.6561422842893727,84.05783999999998,30.9,21.3,79.0,33.0,59.20833333333334,916.0916666666667,25.052083333333336,307,5.072985295918681
307,2018-11-04,0.9783507197931668,44.53343999999999,28.9,20.0,85.0,50.0,68.25,915.2458333333334,23.137500000000006,308,5.0161475043066215
308,2018-11-05,1.9198982777132363,37.277640000000005,23.9,19.3,89.0,65.0,78.66666666666667,917.0666666666667,21.045833333333327,309,3.820062147852571
309,2018-11-06,2.48421342643406,53.897040000000004,25.1,18.2,84.0,49.0,70.58333333333333,918.3166666666667,21.002083333333328,310,4.4426919453005445
310,2018-11-07,2.2112566425419224,58.78656,27.3,19.2,80.0,48.0,64.0,918.4625,22.535416666666666,311,4.774490199453502
311,2018-11-08,1.889228976152321,24.121799999999997,23.4,16.5,91.0,62.0,82.41666666666667,919.3125,19.522916666666667,312,4.500411254561402
312,2018-11-09,1.8769612555279562,18.47736,17.8,15.1,91.0,84.0,88.54166666666669,920.2375,16.693749999999998,313,3.110235621194676
313,2018-11-10,1.7757525603769388,40.40064,23.3,17.0,89.0,65.0,80.54166666666667,917.45,19.277083333333334,314,4.356440122635619
314,2018-11-11,1.7512171191282075,74.52792000000002,26.8,16.7,87.0,51.0,72.625,916.6166666666667,21.047916666666666,315,5.301051122521678
315,2018-11-12,1.6377407033528246,74.77703999999999,29.6,18.6,85.0,42.0,67.33333333333333,917.1916666666667,23.11666666666667,316,5.522430579221842
316,2018-11-13,1.9014966967766869,86.2236,30.2,19.8,82.0,42.0,63.20833333333334,918.1374999999997,24.20208333333333,317,5.407014196506351
317,2018-11-14,1.60707140179191,95.09363999999998,31.2,20.5,80.0,38.0,61.83333333333334,916.9208333333336,24.85,318,5.4699920243073885
318,2018-11-15,1.1715673196269272,69.44148,30.2,18.5,93.0,45.0,71.125,915.6583333333334,23.92708333333333,319,5.795816972924044
319,2018-11-16,1.128630297441647,52.31988,28.2,19.3,93.0,55.0,81.91666666666667,917.8708333333336,22.00833333333333,320,5.174170988536706
320,2018-11-17,2.0057723220837964,66.91032,28.1,19.7,87.0,43.0,66.33333333333333,919.6166666666664,23.1125,321,4.960168347646932
321,2018-11-18,1.8922959063084133,86.19515999999999,29.2,20.0,79.0,46.0,64.79166666666667,919.2541666666666,23.37291666666667,322,5.157045753806678
322,2018-11-19,0.6256537518426518,37.47887999999999,25.5,19.2,91.0,65.0,77.95833333333333,917.9791666666667,22.097916666666666,323,4.471195599867995
323,2018-11-20,1.1071617863490069,24.150600000000004,23.5,18.5,91.0,72.0,86.0,918.8208333333333,20.545833333333327,324,4.058784962535343
324,2018-11-21,1.8064218619378531,14.964839999999999,20.5,16.7,92.0,80.0,89.16666666666669,920.3416666666667,18.185416666666672,325,3.621838498813117
325,2018-11-22,2.008839252239888,60.05484000000001,25.1,16.4,90.0,57.0,76.45833333333333,920.1916666666667,20.191666666666666,326,5.0658757887311845
326,2018-11-23,1.8922959063084133,55.16891999999999,26.3,18.8,86.0,55.0,75.20833333333333,918.625,21.247916666666672,327,4.779364361430669
327,2018-11-24,1.3157130369632246,45.03779999999999,24.5,18.4,91.0,58.0,74.41666666666667,917.9291666666667,21.39583333333333,328,4.392114180973912
328,2018-11-25,1.1500988085342871,36.6912,25.3,17.9,92.0,60.0,83.79166666666667,918.3458333333333,19.747916666666672,329,4.785010449579003
329,2018-11-26,1.321846897275407,86.30099999999999,27.5,17.2,91.0,38.0,64.25,918.9416666666666,21.897916666666664,330,5.421876906102822
330,2018-11-27,2.31246533769294,85.8924,27.6,17.4,80.0,33.0,60.29166666666666,919.7249999999997,21.97291666666667,331,5.306267273163687
331,2018-11-28,1.9198982777132363,99.47304,28.1,18.1,81.0,34.0,57.5,919.1041666666665,22.70208333333333,332,5.295873227226864
332,2018-11-29,1.6040044716358188,99.97128,29.4,18.3,74.0,31.0,54.16666666666666,917.6583333333333,23.41041666666667,333,5.492647090864099
333,2018-11-30,1.2513075036853043,96.69096,30.6,18.7,80.0,35.0,56.29166666666666,914.5666666666666,24.743749999999995,334,5.775958370546173
334,2018-12-01,0.7667325390228579,21.09528,25.3,19.0,92.0,56.0,83.625,913.5708333333333,21.15625,335,4.4916389764768505
335,2018-12-02,0.7575317485545835,43.31412,27.4,19.1,92.0,59.0,86.75,913.0791666666664,21.316666666666674,336,5.103614788671053
336,2018-12-03,1.1531657386903786,44.31384,23.6,18.4,92.0,73.0,86.125,912.9208333333336,20.60625,337,4.180489147195549
337,2018-12-04,1.6684100049137385,86.229,28.1,18.2,87.0,48.0,72.25,912.8458333333333,22.3,338,5.426926601141015
338,2018-12-05,1.214504341812207,85.75452000000001,30.5,19.0,85.0,37.0,65.83333333333333,914.0166666666664,24.02708333333333,339,5.7694221160870915
339,2018-12-06,1.2881106655584014,97.26443999999998,31.9,17.9,90.0,37.0,67.04166666666667,916.3041666666664,24.76875,340,6.365623493030832
340,2018-12-07,0.7943349104276809,52.40916,28.5,17.0,93.0,61.0,81.16666666666667,917.4416666666666,22.54375,341,5.921508192647627
341,2018-12-08,2.011906182395979,87.49727999999998,26.7,18.3,92.0,45.0,68.875,917.6125,22.18541666666667,342,5.05686994142605
342,2018-12-09,2.640626864394723,70.73316000000001,23.2,15.8,80.0,52.0,68.25,922.325,19.170833333333334,343,4.706692092750967
343,2018-12-10,1.7880202810013046,93.1176,27.4,15.9,83.0,42.0,66.66666666666667,924.6541666666667,20.741666666666667,344,5.700924731584013
344,2018-12-11,1.6714769350698302,85.27032000000001,28.4,17.8,83.0,43.0,66.29166666666667,923.7083333333333,22.34583333333334,345,5.554481931870513
345,2018-12-12,1.7757525603769382,108.8838,30.3,19.5,81.0,37.0,61.20833333333334,921.7583333333336,24.325,346,5.606608308626285
346,2018-12-13,0.8587404437056009,90.47231999999998,31.2,18.8,86.0,32.0,62.79166666666666,920.2625,23.964583333333334,347,5.9692409644665965
347,2018-12-14,1.0335554626028125,90.14219999999996,31.5,19.9,80.0,25.0,54.83333333333334,920.0458333333332,25.079166666666666,348,5.710780993562063
348,2018-12-15,1.5825359605431786,105.18624000000004,32.0,21.4,66.0,29.0,49.0,921.475,26.39791666666667,349,5.4372799200841095
349,2018-12-16,1.8033549317817623,96.2442,30.8,21.4,73.0,33.0,54.625,921.6166666666667,25.85208333333333,350,5.235217233996919
350,2018-12-17,1.9014966967766869,105.10812,30.5,20.6,68.0,33.0,51.33333333333334,920.7458333333334,25.135416666666664,351,5.2993829745629695
351,2018-12-18,1.2513075036853039,95.89392,32.6,20.4,69.0,35.0,52.875,919.9500000000003,26.083333333333336,352,5.866203677632547
352,2018-12-19,1.143964948222104,90.6156,33.1,21.5,82.0,34.0,56.83333333333334,918.3333333333336,27.168750000000006,353,5.877488287269201
353,2018-12-20,1.5733351700749039,97.64856000000002,33.5,20.4,88.0,30.0,57.625,917.125,26.45833333333333,354,6.217046533883669
354,2018-12-21,1.1102287165050984,74.60351999999999,32.0,21.0,87.0,40.0,61.5,916.4291666666667,26.072916666666664,355,5.797643642781973
355,2018-12-22,1.2819768052462182,71.78688000000001,33.1,19.0,91.0,36.0,69.04166666666667,916.3875,23.7375,356,6.478258338942741
356,2018-12-23,0.8158034215203208,82.36872,32.6,17.9,92.0,34.0,69.41666666666667,916.3458333333333,23.93541666666667,357,6.556413576552946
357,2018-12-24,0.9998192308858068,76.51872,31.4,18.5,91.0,41.0,68.375,916.1541666666666,24.51458333333333,358,6.207485884609165
358,2018-12-25,1.2574413639974873,93.51935999999999,30.8,18.5,92.0,40.0,76.625,916.75,22.6,359,6.0598863808822925
359,2018-12-26,0.8618073738616925,51.74676000000001,27.9,18.6,92.0,53.0,81.33333333333333,916.5916666666664,22.15833333333333,360,5.375656741560181
360,2018-12-27,0.8096695612081378,26.54352,24.8,18.8,92.0,68.0,86.20833333333331,915.95,20.652083333333334,361,4.471295352558336
361,2018-12-28,0.874075094486058,44.12196,25.4,18.5,92.0,67.0,84.5,916.1,20.697916666666668,362,4.744912693301403
362,2018-12-29,0.533645847159909,46.50372,27.5,17.7,92.0,61.0,87.33333333333331,915.4458333333336,20.866666666666667,363,5.522140326986032
363,2018-12-30,0.9354136976078868,64.8162,27.3,18.5,93.0,61.0,83.33333333333333,915.9625,21.81875,364,5.2791252266537505
364,2018-12-31,0.8986105357347893,37.128240000000005,25.9,19.2,92.0,65.0,85.08333333333333,916.4208333333336,21.347916666666666,365,4.690929334094288
365,2019-01-01,0.7268624469936694,60.49043999999999,27.9,19.2,92.0,55.0,82.375,919.5791666666664,21.829166666666666,1,5.2356856428697025
366,2019-01-02,0.8096695612081378,92.36735999999999,31.1,18.9,90.0,42.0,71.08333333333333,920.1708333333332,24.114583333333336,2,6.044556730758668
367,2019-01-03,0.7636656088667662,54.7974,30.7,20.4,88.0,47.0,71.16666666666667,918.8499999999997,24.268750000000004,3,5.640115513553528
368,2019-01-04,0.9998192308858068,45.00756,25.4,19.0,91.0,59.0,76.875,919.175,22.450000000000006,4,4.560477395424589
369,2019-01-05,0.7360632374619437,78.98688000000001,30.1,18.6,91.0,41.0,68.875,918.5583333333333,23.58541666666667,5,5.851246423594319
370,2019-01-06,0.9446144880761612,106.39548,31.8,18.8,90.0,31.0,61.58333333333334,918.6166666666667,24.95208333333333,6,6.1328560489286
371,2019-01-07,1.54266586851399,104.27436,31.2,20.9,79.0,33.0,59.54166666666666,919.2458333333333,25.73125,7,5.4797130478645695
372,2019-01-08,1.7941541413134878,82.13147999999998,29.6,19.7,87.0,49.0,65.875,919.9625000000003,24.862500000000004,8,5.501718399108625
373,2019-01-09,1.797221071469579,92.55096000000002,29.4,19.0,78.0,34.0,59.125,919.4083333333333,23.87500000000001,9,5.4373126030712
374,2019-01-10,1.9597683697424249,97.54956,29.2,19.7,75.0,38.0,56.58333333333334,919.3083333333334,23.91041666666667,10,5.240082957148732
375,2019-01-11,1.5641343796066298,77.57604,30.2,20.3,73.0,41.0,58.33333333333334,920.0,24.360416666666666,11,5.362264036987767
376,2019-01-12,1.3678508496167787,78.38316,30.1,20.4,76.0,40.0,59.66666666666666,919.1541666666667,24.85833333333333,12,5.325561354247244
377,2019-01-13,1.6684100049137387,95.90184,30.6,20.2,81.0,35.0,59.0,919.5750000000003,25.08333333333333,13,5.491120144380003
378,2019-01-14,1.8524258142792247,105.87888000000001,30.7,20.1,76.0,33.0,55.0,919.6958333333333,25.15833333333334,14,5.478540127561882
379,2019-01-15,1.4751934050799786,104.85504,32.6,21.1,76.0,34.0,55.95833333333334,919.7124999999997,26.06458333333333,15,5.735344498950258
380,2019-01-16,1.3157130369632244,84.33108000000001,33.4,22.4,72.0,33.0,56.25,919.9416666666671,26.85,16,5.6132532391587
381,2019-01-17,1.2758429449340356,95.01767999999998,32.2,21.1,76.0,36.0,58.08333333333334,919.7833333333333,25.95208333333333,17,5.645469641666519
382,2019-01-18,1.5089296367969844,96.5286,32.5,20.4,81.0,33.0,58.41666666666666,918.7166666666667,26.02708333333333,18,5.8719177645072875
383,2019-01-19,1.6009375414797276,108.01043999999999,32.7,21.8,71.0,29.0,53.29166666666666,917.925,26.660416666666666,19,5.5054247304510735
384,2019-01-20,1.28504373540231,91.99548,33.3,20.3,90.0,32.0,57.25,918.4375,25.65833333333333,20,6.145675452654254
385,2019-01-21,1.4874611257043444,79.05024,30.6,21.2,91.0,45.0,61.75,919.5666666666667,25.54375,21,5.367299975793199
386,2019-01-22,1.1777011799391102,93.8016,32.5,20.8,80.0,37.0,57.79166666666666,919.7708333333333,25.9,22,5.793390358864559
387,2019-01-23,1.6469414938210991,100.0494,31.4,21.2,76.0,30.0,55.5,919.5291666666667,26.16458333333333,23,5.3439723373372825
388,2019-01-24,1.9843038109911562,109.9872,31.5,21.2,63.0,33.0,51.29166666666666,919.0374999999997,25.785416666666666,24,5.277999950318961
389,2019-01-25,2.085512506142173,98.34012,29.8,21.4,72.0,39.0,58.04166666666666,918.6208333333334,25.089583333333334,25,4.919930152977924
390,2019-01-26,1.9168313475571448,61.76015999999999,29.1,19.5,79.0,43.0,64.54166666666667,919.5375,23.13541666666667,26,5.23671764579926
391,2019-01-27,1.6745438652259217,94.09572,29.8,18.1,88.0,33.0,63.54166666666666,920.775,23.35833333333333,27,5.683963145032501
392,2019-01-28,2.073244785517808,89.86211999999999,30.6,21.4,73.0,36.0,55.16666666666666,921.7708333333335,25.518750000000004,28,5.090091371393081
393,2019-01-29,1.8094887920939444,97.04411999999996,33.0,21.6,71.0,22.0,49.875,921.3041666666664,26.55833333333333,29,5.475483341221201
394,2019-01-30,1.4383902432068814,95.80391999999998,32.8,21.6,70.0,30.0,49.91666666666666,919.8166666666667,26.37708333333334,30,5.48798099115309
395,2019-01-31,1.2267720624365728,92.55168,33.8,20.6,66.0,24.0,44.25,918.6333333333333,26.96875,31,5.782904518049569
396,2019-02-01,1.6346737731967333,93.88548,32.3,22.6,60.0,25.0,47.08333333333334,918.65,26.81041666666667,32,5.017010303796085
397,2019-02-02,1.5580005192944473,104.88996,33.1,22.0,61.0,27.0,46.125,918.6666666666667,27.08333333333333,33,5.333678340801835
398,2019-02-03,0.9936853705736236,73.45475999999998,34.1,22.1,66.0,29.0,46.70833333333334,916.7125,27.572916666666664,34,5.599068637423135
399,2019-02-04,1.416921732114241,51.03324,30.7,19.5,87.0,39.0,62.29166666666666,916.7166666666667,24.95625,35,5.579303502396306
400,2019-02-05,1.5334650780457157,76.82075999999998,32.3,19.3,90.0,38.0,65.0,917.0083333333333,24.583333333333336,36,6.006156823250496
401,2019-02-06,1.4199886622703328,37.2942,26.5,19.5,92.0,58.0,81.375,917.75,21.358333333333334,37,4.590139886261999
402,2019-02-07,0.7176616565253949,25.13808,24.1,19.0,92.0,72.0,87.25,916.3916666666664,20.395833333333336,38,4.024890583926199
403,2019-02-08,0.9108782563591552,78.57108000000001,31.1,18.6,91.0,38.0,75.0,915.8208333333333,23.06458333333333,39,5.82797150662735
404,2019-02-09,1.4414571733629729,82.72691999999998,30.9,19.1,90.0,37.0,68.54166666666667,916.8833333333333,23.770833333333336,40,5.655524802701921
405,2019-02-10,1.6530753541332814,85.38803999999998,31.3,21.0,82.0,38.0,64.04166666666667,917.2291666666665,25.285416666666666,41,5.301977298500505
406,2019-02-11,1.2789098750901269,73.33127999999998,31.1,20.8,87.0,40.0,66.04166666666667,918.9291666666667,24.96666666666667,42,5.334004268033158
407,2019-02-12,1.2850437354023094,77.65632000000002,30.8,21.8,70.0,41.0,57.70833333333334,918.3375,25.59375,43,4.917843307803149
408,2019-02-13,0.9691499293248924,49.78440000000001,30.8,19.7,89.0,46.0,70.95833333333333,917.0958333333334,24.38125,44,5.5191526788120155
409,2019-02-14,1.837091163498768,66.35051999999999,28.4,19.0,89.0,52.0,72.70833333333333,918.3791666666666,22.387500000000006,45,5.0943212346137985
410,2019-02-15,1.0764924847880923,35.74187999999999,25.8,19.7,91.0,70.0,80.83333333333333,917.2374999999997,21.65625,46,4.277047454876965
411,2019-02-16,0.6011183105939206,26.87688,25.7,19.9,91.0,68.0,86.95833333333331,915.1166666666667,21.675,47,4.170893415081909
412,2019-02-17,0.7667325390228579,47.37096,27.3,19.2,93.0,62.0,87.08333333333331,916.604166666667,21.33125,48,4.792696259394831
413,2019-02-18,0.7790002596472236,52.787519999999994,26.4,19.1,93.0,63.0,85.91666666666669,918.1708333333332,21.55208333333333,49,4.559410237458712
414,2019-02-19,0.8066026310520465,68.81364,29.0,19.6,93.0,55.0,81.125,918.2999999999997,22.825,50,5.086395143231217
415,2019-02-20,0.6317876121548349,77.95584000000002,31.6,20.6,91.0,41.0,74.54166666666667,916.9541666666664,24.447916666666664,51,5.403847974810812
416,2019-02-21,0.6839254248083892,30.98124,26.8,18.9,91.0,53.0,80.08333333333333,919.1083333333336,21.92916666666667,52,4.6224902810914275
417,2019-02-22,1.2574413639974866,98.73756,32.5,18.9,91.0,35.0,67.25,919.9208333333336,24.88333333333333,53,5.843134439940123
418,2019-02-23,1.0703586244759096,103.41072,32.6,20.0,85.0,30.0,57.58333333333334,918.7749999999997,26.43958333333333,54,5.551272166036872
419,2019-02-24,0.8710081643299665,93.60792,33.0,20.4,86.0,29.0,57.83333333333334,916.5666666666667,26.95208333333333,55,5.549355278044153
420,2019-02-25,0.8035357008959552,82.03175999999998,33.6,21.4,83.0,30.0,57.45833333333334,915.8125,26.96458333333333,56,5.465906068768898
421,2019-02-26,1.0427562530710868,79.27704,33.3,19.7,90.0,34.0,63.91666666666666,916.2958333333336,25.43541666666667,57,5.783140158514573
422,2019-02-27,1.0120869515101725,91.88244,31.2,19.2,91.0,41.0,70.91666666666667,917.8083333333334,24.02916666666667,58,5.450109537831727
423,2019-02-28,0.9108782563591552,44.17308000000001,27.3,19.8,92.0,57.0,76.95833333333333,918.1875,23.06041666666667,59,4.458821429566113
424,2019-03-01,0.7636656088667665,63.68616000000001,29.8,18.1,92.0,46.0,76.16666666666667,919.1541666666666,22.67916666666666,60,5.339969118606156
425,2019-03-02,0.6133860312182864,32.490359999999995,23.8,19.5,92.0,71.0,86.29166666666669,920.0458333333332,21.1,61,3.522888865463362
426,2019-03-03,1.4843941955482525,83.68668000000001,29.0,19.9,88.0,47.0,69.20833333333333,919.0041666666664,23.520833333333336,62,4.742637505235213
427,2019-03-04,1.7941541413134874,76.7466,29.5,20.2,79.0,42.0,63.5,919.6375,24.016666666666666,63,4.692976979403211
428,2019-03-05,1.4598587542995214,80.58167999999998,30.7,20.2,80.0,39.0,63.41666666666666,920.7999999999997,24.3375,64,4.929710375755207
429,2019-03-06,1.6776107953820132,66.88583999999999,29.8,20.7,80.0,44.0,69.79166666666667,920.9541666666664,23.86875,65,4.642866970148955
430,2019-03-07,1.7542840492842988,86.48928000000001,30.8,20.6,81.0,42.0,65.20833333333333,921.1875,24.8375,66,4.864575297304747
431,2019-03-08,1.3647839194606868,84.14712,31.9,20.7,82.0,37.0,61.45833333333334,920.0125000000003,25.46041666666667,67,5.037140790820499
432,2019-03-09,1.0550239736954523,87.01451999999998,32.1,21.6,82.0,36.0,61.66666666666666,918.5166666666668,26.183333333333334,68,4.88760244823386
433,2019-03-10,1.1807681100952012,77.71067999999998,32.2,21.8,90.0,41.0,65.58333333333333,917.4500000000003,26.06458333333334,69,4.952093622622628
434,2019-03-11,1.2053035513439327,72.53352,29.0,18.6,92.0,45.0,72.41666666666667,918.0791666666664,23.458333333333336,70,4.844165024284067
435,2019-03-12,1.2053035513439327,84.14676000000001,29.8,18.5,90.0,46.0,69.33333333333333,918.5833333333333,23.46875,71,5.007398009706664
436,2019-03-13,0.9446144880761609,65.56355999999998,31.0,20.6,78.0,43.0,66.83333333333333,918.4,24.525,72,4.759855871659576
437,2019-03-14,0.874075094486058,79.53659999999998,32.4,20.0,89.0,38.0,68.29166666666667,917.9583333333335,24.6625,73,5.1872428493408
438,2019-03-15,0.959949138856618,87.89723999999998,31.9,18.8,90.0,37.0,66.16666666666667,917.3083333333333,24.7375,74,5.251726557301554
439,2019-03-16,1.2819768052462182,81.12924,31.0,19.5,91.0,48.0,74.04166666666667,917.1416666666664,24.20833333333333,75,5.015749170359267
440,2019-03-17,0.9384806277639778,30.240359999999995,25.8,21.0,90.0,68.0,82.625,917.7000000000003,23.19375,76,3.474608588227645
441,2019-03-18,0.7513978882424007,70.96392,31.9,20.0,92.0,47.0,76.66666666666667,916.6958333333333,24.27708333333333,77,5.073956608548479
442,2019-03-19,0.7145947263693034,68.93927999999998,31.7,20.4,92.0,43.0,76.29166666666667,914.8499999999997,24.68541666666666,78,4.904530081062374
443,2019-03-20,0.8802089547982409,69.00048000000001,30.7,20.4,92.0,49.0,76.08333333333333,914.0833333333336,24.472916666666666,79,4.702671484196731
444,2019-03-21,1.3126461068071331,49.47984,27.8,19.7,92.0,59.0,80.66666666666667,914.4624999999997,22.99375,80,4.20709316765202
445,2019-03-22,1.4843941955482536,30.332880000000007,22.1,18.3,92.0,75.0,87.0,917.4833333333336,19.86875,81,3.065108996175063
446,2019-03-23,1.423055592426424,70.75475999999998,27.8,16.7,89.0,52.0,70.91666666666667,919.2125,21.1875,82,4.649075490042803
447,2019-03-24,1.2574413639974868,60.76187999999999,28.0,19.4,87.0,49.0,72.83333333333333,918.9666666666666,22.679166666666664,83,4.163439429412694
448,2019-03-25,1.128630297441647,80.1972,30.1,18.3,89.0,39.0,68.29166666666667,918.0833333333335,23.3375,84,4.702092554364474
449,2019-03-26,0.9016774658908808,72.6462,30.2,17.7,91.0,36.0,65.83333333333333,918.225,23.825,85,4.775860575691089
450,2019-03-27,1.0335554626028125,66.60467999999999,29.6,17.7,86.0,42.0,65.58333333333333,920.5541666666667,23.168750000000006,86,4.641113739627573
451,2019-03-28,1.4322563828946986,73.908,28.9,16.0,89.0,39.0,61.70833333333334,922.0208333333336,22.71875,87,4.7320253460323665
452,2019-03-29,1.4230555924264243,64.14732,28.2,16.1,89.0,44.0,65.83333333333333,921.7833333333334,22.2875,88,4.59692405747939
453,2019-03-30,1.5181304272652587,65.61648000000001,29.1,17.6,82.0,41.0,65.0,920.979166666667,22.354166666666664,89,4.439853315919088
454,2019-03-31,0.917012116671338,67.83443999999999,28.7,16.6,87.0,37.0,63.95833333333334,919.2375,22.71041666666667,90,4.491092022251753
455,2019-04-01,1.143964948222104,59.08212,28.8,18.2,90.0,42.0,70.25,918.3166666666667,22.3375,91,4.298867305883892
456,2019-04-02,0.8802089547982408,61.01316000000002,28.9,18.1,91.0,42.0,73.5,918.1291666666667,22.5125,92,4.311781140511749
457,2019-04-03,0.9415475579200694,62.02403999999999,30.1,19.1,89.0,46.0,74.125,916.9708333333334,22.95,93,4.373244283363532
458,2019-04-04,0.6900592851205721,70.36596000000002,31.6,18.8,91.0,39.0,72.41666666666667,915.775,23.572916666666664,94,4.6311726993626126
459,2019-04-05,0.8464727230812352,57.64032,30.8,21.0,87.0,49.0,72.375,917.0458333333336,24.82708333333333,95,4.1627638977336066
460,2019-04-06,0.8802089547982409,48.05136,29.0,20.6,90.0,54.0,78.375,918.8500000000003,23.583333333333336,96,3.8812883755955676
461,2019-04-07,0.8280711421446865,67.37471999999998,30.3,19.7,91.0,44.0,72.125,919.6958333333336,23.97708333333333,97,4.2059487774062925
462,2019-04-08,1.024354672134538,72.612,30.1,18.9,89.0,44.0,69.20833333333333,918.4625,23.81875,98,4.243445271389609
463,2019-04-09,0.7268624469936694,49.72248,28.2,18.1,92.0,54.0,78.79166666666667,917.6750000000003,21.96041666666667,99,4.064223436470505
464,2019-04-10,1.5549335891383558,54.831959999999995,28.8,18.5,82.0,50.0,67.75,917.4333333333334,23.14791666666667,100,4.00042893165532
465,2019-04-11,0.9231459769835209,67.92803999999998,29.7,17.1,91.0,42.0,69.0,918.5333333333334,22.98958333333333,101,4.3279970551053
466,2019-04-12,1.0979609958807326,65.1834,29.7,19.3,85.0,41.0,66.41666666666667,918.5083333333333,23.68541666666667,102,3.949315533039514
467,2019-04-13,1.6806777255381038,62.43444,29.7,20.8,78.0,44.0,65.5,918.6166666666667,24.32916666666667,103,3.67589240670505
468,2019-04-14,1.4046540114898756,45.65700000000001,28.6,21.0,79.0,50.0,69.04166666666667,918.9875000000003,23.84166666666667,104,3.4524973520038924
469,2019-04-15,1.2513075036853039,31.540319999999994,27.3,20.7,90.0,62.0,79.75,919.6041666666667,22.58958333333333,105,3.3233581511827497
470,2019-04-16,0.9691499293248924,36.89424,27.6,19.3,92.0,57.0,83.83333333333333,919.4416666666667,21.879166666666666,106,3.591069382394527
471,2019-04-17,0.8986105357347896,41.03028,26.3,18.5,93.0,69.0,86.54166666666669,917.2166666666667,21.53541666666667,107,3.503681685711857
472,2019-04-18,1.1255633672855554,70.78715999999999,28.7,19.8,92.0,42.0,72.58333333333333,916.5458333333332,23.1625,108,3.5870463010835767
473,2019-04-19,0.8464727230812349,77.34096000000002,29.1,15.5,92.0,34.0,64.0,917.4375,22.40833333333333,109,4.117869315870014
474,2019-04-20,0.7605986787106751,72.99719999999998,30.0,16.0,92.0,30.0,64.04166666666667,917.9791666666664,22.62708333333333,110,4.132126349977719
475,2019-04-21,0.7329963073058522,72.95003999999999,30.6,16.9,89.0,36.0,63.45833333333334,917.4000000000003,23.24166666666667,111,4.1172417983192995
476,2019-04-22,1.0580909038515438,52.65144,29.2,19.9,88.0,46.0,72.5,917.7208333333333,23.275,112,3.5572219359123083
477,2019-04-23,1.2973114560266756,63.252359999999996,29.5,19.6,84.0,48.0,68.58333333333333,919.7999999999997,23.383333333333336,113,3.6102802916803043
478,2019-04-24,1.4475910336751556,50.48604,28.5,19.3,87.0,47.0,69.33333333333333,921.575,23.19791666666667,114,3.4685649607177913
479,2019-04-25,1.4874611257043444,48.73428,27.8,19.1,84.0,51.0,69.08333333333333,921.9541666666668,22.683333333333334,115,3.3585943236529507
480,2019-04-26,1.4046540114898751,68.23727999999998,29.0,17.6,91.0,42.0,70.54166666666667,921.3624999999997,22.65833333333333,116,3.703804961939375
481,2019-04-27,1.3065122464949497,64.56312,29.6,19.5,80.0,41.0,65.5,920.033333333333,23.29583333333333,117,3.4590793682466585
482,2019-04-28,1.088760205412458,67.55615999999999,30.0,18.1,89.0,43.0,65.375,917.65,23.729166666666664,118,3.7367706469681035
483,2019-04-29,0.9875515102614408,58.66956,28.4,19.3,87.0,48.0,66.5,916.3250000000003,23.614583333333336,119,3.332618588959458
484,2019-04-30,0.9476814182322524,62.39916,28.4,17.4,90.0,47.0,69.20833333333333,918.775,22.847916666666666,120,3.5525386398952365
485,2019-05-01,1.3463823385241385,61.18307999999999,29.2,19.6,84.0,45.0,69.125,919.1375000000003,23.383333333333336,121,3.336403341890175
486,2019-05-02,1.11329564666119,44.66016,28.7,19.5,91.0,54.0,74.75,918.1291666666664,23.03333333333333,122,3.341126592529117
487,2019-05-03,0.7176616565253952,50.21784,28.5,19.2,92.0,51.0,79.75,919.4291666666667,22.468750000000004,123,3.311631278519853
488,2019-05-04,1.248240573529213,51.88607999999999,28.7,19.8,90.0,52.0,75.375,920.6208333333336,23.15625,124,3.238203341453095
489,2019-05-05,1.5549335891383558,54.28692,28.1,18.6,90.0,38.0,69.125,921.15,22.625,125,3.186910265421128
490,2019-05-06,1.0948940657246409,59.60052000000002,28.8,18.9,79.0,45.0,65.625,920.7416666666667,22.70208333333333,126,3.205359378751991
491,2019-05-07,0.6409884026231091,60.73955999999999,30.1,17.7,91.0,38.0,67.875,918.7916666666665,23.35,127,3.5260313295113264
492,2019-05-08,0.9538152785444352,43.60967999999999,28.2,18.8,91.0,51.0,74.33333333333333,919.7291666666665,22.4,128,3.1925292404881045
493,2019-05-09,1.6868115858502872,36.26136,24.8,17.7,84.0,62.0,76.54166666666667,920.0208333333335,20.306249999999995,129,2.8040966133249072
494,2019-05-10,1.3770516400850528,46.94976,26.7,17.1,85.0,49.0,73.08333333333333,918.9541666666664,20.816666666666666,130,3.077995993415763
495,2019-05-11,1.2513075036853043,49.83480000000001,26.0,17.7,86.0,52.0,72.58333333333333,918.6625,21.216666666666672,131,2.9106938287064277
496,2019-05-12,0.6931262152766636,64.07819999999998,29.3,16.3,90.0,44.0,69.33333333333333,919.9666666666667,21.93125,132,3.4629373836840944
497,2019-05-13,0.9016774658908806,54.43704,29.6,17.8,90.0,44.0,67.91666666666667,920.4249999999997,23.21250000000001,133,3.3371179881832176
498,2019-05-14,0.6685907740279321,52.53768,29.4,18.0,91.0,47.0,69.45833333333333,919.2875,23.3125,134,3.2954470996104845
499,2019-05-15,1.024354672134538,31.09644,28.1,18.3,92.0,51.0,78.20833333333333,918.1666666666664,21.9,135,3.091211301468828
500,2019-05-16,1.036622392758904,35.55612,23.5,16.9,93.0,65.0,82.125,920.2625000000003,19.591666666666672,136,2.6282919551730437
501,2019-05-17,0.9630160690127096,17.54244,20.9,16.7,89.0,68.0,80.45833333333333,920.5208333333336,18.75625,137,2.215076238173732
502,2019-05-18,1.3279807575875902,46.85256,26.8,17.2,90.0,51.0,77.29166666666667,920.0541666666667,20.158333333333328,138,2.957294134194874
503,2019-05-19,1.1132956466611896,63.53819999999998,26.4,15.5,92.0,50.0,75.29166666666667,919.9208333333332,20.308333333333334,139,3.0597282847221456
504,2019-05-20,0.6440553327792007,63.82512,27.6,15.6,92.0,32.0,67.625,919.5083333333336,20.733333333333334,140,3.061910953972551
505,2019-05-21,0.7207285866814864,62.97048,28.4,13.7,91.0,30.0,63.0,919.6708333333332,20.80208333333333,141,3.259093650440076
506,2019-05-22,0.5857836598134635,61.98983999999998,28.9,14.1,89.0,34.0,60.95833333333334,919.2916666666667,21.391666666666666,142,3.280102188924243
507,2019-05-23,0.6287206819987436,54.266040000000004,28.8,15.4,88.0,36.0,64.08333333333333,918.779166666667,21.44375,143,3.1574267677354646
508,2019-05-24,0.8127364913642294,53.5878,28.8,15.7,90.0,40.0,65.79166666666667,917.7208333333336,21.87291666666667,144,3.1608211030651088
509,2019-05-25,1.101027926036824,55.42236,27.3,16.3,91.0,47.0,68.54166666666667,917.6999999999997,21.441666666666666,145,2.9666451065690227
510,2019-05-26,0.6256537518426522,61.46496,28.0,13.9,86.0,38.0,61.79166666666666,919.4291666666667,20.881250000000005,146,3.125569212632959
511,2019-05-27,0.7820671898033149,59.343120000000006,28.5,16.8,83.0,40.0,66.5,920.2541666666667,21.70208333333333,147,2.93377808449995
512,2019-05-28,0.8372719326129607,59.65487999999999,28.7,16.5,90.0,38.0,66.5,919.9125,22.081250000000004,148,3.0013948955914507
513,2019-05-29,0.6256537518426522,57.26556,29.0,16.3,91.0,38.0,68.95833333333333,920.3333333333336,21.987500000000004,149,3.043969181428569
514,2019-05-30,1.1654334593147442,60.88104000000001,28.1,17.0,88.0,44.0,66.625,919.9291666666667,22.07083333333333,150,2.888082420908136
515,2019-05-31,1.0059530911979897,59.22036000000002,28.9,15.6,89.0,39.0,64.33333333333333,918.725,21.91041666666667,151,3.0485380290381916
516,2019-06-01,0.7605986787106751,60.058080000000004,29.7,16.4,87.0,30.0,60.33333333333334,918.2,22.48958333333333,152,2.9756911809520816
517,2019-06-02,0.5735159391890977,59.39172000000002,29.9,15.2,91.0,25.0,58.75,919.0625,22.48333333333333,153,3.0574021190966256
518,2019-06-03,1.15623266884647,50.872679999999995,28.5,16.2,88.0,43.0,65.625,920.5875,21.76458333333333,154,2.939949756572519
519,2019-06-04,0.8526065833934181,59.34851999999999,25.5,14.2,93.0,30.0,73.125,922.3,18.83333333333333,155,2.7055876961948413
520,2019-06-05,2.235792083790653,62.78256,23.2,12.5,75.0,34.0,56.75,924.2208333333333,17.125,156,2.5186730019996006
521,2019-06-06,1.864693534903591,61.209,22.9,12.1,84.0,38.0,60.5,924.2666666666668,17.020833333333332,157,2.5823063526729007
522,2019-06-07,1.2359728529048468,60.713639999999984,24.1,11.2,88.0,31.0,61.125,923.5500000000003,17.49375,158,2.726291221668458
523,2019-06-08,0.5459135677842748,51.04764,23.6,11.6,86.0,36.0,64.08333333333333,922.6166666666667,17.022916666666667,159,2.663299593153432
524,2019-06-09,1.3095791766510414,59.76828000000001,23.6,11.7,91.0,39.0,66.08333333333333,923.8916666666664,17.381249999999998,160,2.694174684156343
525,2019-06-10,1.5794690303870873,53.98308000000001,24.3,11.4,87.0,39.0,63.08333333333334,924.7333333333332,18.089583333333334,161,2.748621478075548
526,2019-06-11,1.6438745636650076,39.96827999999999,24.4,15.1,85.0,53.0,71.75,924.0625,19.0875,162,2.5423477352072568
527,2019-06-12,1.5948036811675443,45.96624,24.5,16.5,82.0,54.0,70.08333333333333,924.0833333333335,19.9375,163,2.415517261982748
528,2019-06-13,1.7205478175672932,57.13956,26.2,16.4,87.0,44.0,67.16666666666667,924.8666666666667,20.66875,164,2.583220866247188
529,2019-06-14,1.5181304272652585,58.59864,27.0,15.9,84.0,30.0,62.875,924.9958333333336,20.6,165,2.592734653120592
530,2019-06-15,1.4598587542995214,49.12955999999999,26.7,16.8,81.0,39.0,63.41666666666666,924.7458333333333,20.470833333333328,166,2.531090357046684
531,2019-06-16,0.8832758849543323,51.65676000000001,25.6,14.6,86.0,36.0,62.16666666666666,925.0916666666667,19.820833333333333,167,2.592161481487643
532,2019-06-17,0.8894097452665153,47.46348,25.5,13.3,86.0,40.0,64.5,924.3125,19.120833333333334,168,2.694935706546125
533,2019-06-18,1.2666421544657611,52.00344000000001,26.0,13.7,88.0,40.0,64.75,923.3166666666666,19.310416666666672,169,2.726280009519116
534,2019-06-19,0.9292798372957036,50.69664000000001,26.8,15.9,78.0,31.0,53.5,922.9666666666667,21.154166666666672,170,2.5235609264380887
535,2019-06-20,0.6593899835596578,51.51672,27.4,13.6,88.0,31.0,60.0,923.5208333333335,19.81875,171,2.800930597667234
536,2019-06-21,1.8064218619378531,51.57359999999999,25.0,15.4,76.0,41.0,61.5,926.2916666666664,19.35416666666667,172,2.437226963126597
537,2019-06-22,1.1531657386903786,42.04908,24.4,13.3,91.0,47.0,72.875,927.8666666666667,18.02083333333333,173,2.650218875401386
538,2019-06-23,1.334114617899773,50.828759999999996,24.9,15.5,84.0,44.0,67.75,925.8833333333333,19.170833333333334,174,2.4795353667206053
539,2019-06-24,0.8127364913642294,56.14811999999999,26.7,14.3,91.0,39.0,67.04166666666667,921.8250000000003,20.039583333333333,175,2.7652217349741517
540,2019-06-25,0.9200790468274296,48.298320000000004,28.0,15.9,87.0,39.0,67.58333333333333,919.8333333333333,20.714583333333334,176,2.7610141488094895
541,2019-06-26,1.009020021354081,54.83339999999999,29.2,17.5,80.0,28.0,59.58333333333334,920.5958333333334,22.00416666666667,177,2.63932541351638
542,2019-06-27,1.193035830719567,45.31212,28.4,18.3,74.0,32.0,56.25,922.2833333333334,22.322916666666664,178,2.4937895325513812
543,2019-06-28,1.8432250238109504,57.95531999999999,26.5,18.2,79.0,34.0,59.08333333333334,923.375,21.568749999999994,179,2.357819361295624
544,2019-06-29,1.8309573031865845,54.663120000000006,26.1,16.2,77.0,44.0,63.58333333333334,923.275,19.84375,180,2.52435687953219
545,2019-06-30,0.7912679802715893,59.33268,27.3,14.5,87.0,27.0,60.125,922.5375,20.254166666666674,181,2.7189329588881885
546,2019-07-01,0.6440553327792007,56.03508000000001,27.4,14.6,89.0,30.0,61.875,921.0958333333334,20.370833333333334,182,2.7648475453480574
547,2019-07-02,0.5459135677842749,53.71056,27.4,12.9,87.0,29.0,57.66666666666666,917.4458333333333,19.816666666666666,183,2.858410210646965
548,2019-07-03,0.8096695612081378,52.33176,28.9,13.4,85.0,26.0,54.29166666666666,916.2541666666666,20.166666666666664,184,2.9336960172223527
549,2019-07-04,0.938480627763978,56.27520000000001,28.8,13.9,77.0,22.0,49.25,916.9833333333336,20.847916666666666,185,2.7945305554196023
550,2019-07-05,1.2329059227487555,44.26596,27.8,15.7,75.0,36.0,56.375,918.375,21.439583333333328,186,2.700169520113791
551,2019-07-06,1.5948036811675446,60.49332000000001,23.6,14.3,84.0,25.0,55.33333333333334,920.85,18.679166666666667,187,2.403389988565825
552,2019-07-07,1.1194295069733724,61.68384,23.2,7.3,77.0,23.0,49.125,923.3916666666668,15.172916666666667,188,2.766221971137615
553,2019-07-08,2.070177855361716,61.32816,21.4,10.4,71.0,38.0,54.45833333333334,926.1666666666665,15.385416666666664,189,2.506497762858681
554,2019-07-09,1.69294544616247,61.47504000000001,22.3,10.5,76.0,32.0,56.0,926.1416666666668,15.8875,190,2.5786191274317907
555,2019-07-10,1.3801185702411445,61.37568000000001,22.8,11.0,75.0,33.0,56.08333333333334,924.9999999999997,16.37708333333333,191,2.598230294516228
556,2019-07-11,0.7759333294911324,61.47576,24.7,9.8,86.0,23.0,53.875,922.4041666666666,16.929166666666664,192,2.8530999990652024
557,2019-07-12,0.7268624469936692,61.432919999999996,26.2,9.6,86.0,27.0,57.54166666666666,921.3250000000003,17.622916666666665,193,3.040403520627387
558,2019-07-13,0.6103191010621949,59.36184,28.9,11.5,89.0,19.0,55.375,921.2541666666666,19.347916666666666,194,3.1427544005904915
559,2019-07-14,0.6471222629352922,58.64004,28.9,13.3,83.0,23.0,52.16666666666666,920.2124999999997,20.495833333333334,195,3.0294159546937025
560,2019-07-15,0.5581812884086406,54.16487999999999,28.6,13.3,80.0,21.0,47.83333333333334,919.2916666666664,20.6625,196,2.9718212735444687
561,2019-07-16,0.8403388627690522,56.69171999999999,28.3,14.1,73.0,26.0,47.91666666666666,918.8458333333333,20.8125,197,2.892482441880399
562,2019-07-17,1.4261225225825156,60.89472000000001,22.7,13.4,86.0,44.0,64.0,922.6916666666671,17.860416666666673,198,2.613268277041866
563,2019-07-18,2.1499180394200934,61.60248000000001,22.0,13.2,71.0,38.0,56.45833333333334,925.75,16.59166666666667,199,2.4734220657162713
564,2019-07-19,2.2296582234784705,62.48411999999999,23.2,11.6,80.0,39.0,59.54166666666666,926.7916666666664,16.325,200,2.783671080282572
565,2019-07-20,2.1131148775469963,58.914359999999995,22.2,12.9,80.0,38.0,59.16666666666666,926.1333333333336,17.025,201,2.5909092034278594
566,2019-07-21,2.4964811470584256,55.61496,23.2,13.2,81.0,38.0,64.41666666666667,925.3416666666666,17.1625,202,2.6890748197639254
567,2019-07-22,1.9996384617716132,51.68880000000001,23.9,14.5,82.0,40.0,64.20833333333333,925.7,17.99375,203,2.6831852460386583
568,2019-07-23,1.69294544616247,64.30968000000001,25.2,14.7,82.0,33.0,61.875,925.1583333333333,18.745833333333326,204,2.784486124278234
569,2019-07-24,1.223705132280481,64.08467999999999,27.5,14.7,77.0,30.0,55.5,923.9791666666667,20.14375,205,2.9876199759799946
570,2019-07-25,1.7358824683477507,63.3852,25.8,15.3,70.0,44.0,57.25,923.8333333333333,19.929166666666667,206,2.8286332204131353
571,2019-07-26,1.7481501889721165,52.045559999999995,25.4,15.9,80.0,31.0,57.79166666666666,925.5416666666665,19.481250000000006,207,2.732457100761247
572,2019-07-27,0.7636656088667665,58.70591999999999,25.1,11.8,78.0,32.0,54.16666666666666,926.3916666666668,18.202083333333334,208,3.0510090862453256
573,2019-07-28,1.110228716505098,65.57256,26.9,12.4,80.0,25.0,51.41666666666666,924.3000000000003,19.31458333333334,209,3.168975087164986
574,2019-07-29,1.5764021002309958,65.05776000000002,26.6,11.7,79.0,30.0,51.95833333333334,923.5166666666668,19.210416666666664,210,3.2468467502015255
575,2019-07-30,1.7174808874112018,52.90991999999999,26.2,16.3,77.0,35.0,57.83333333333334,922.5791666666668,20.216666666666672,211,2.8694921996977407
576,2019-07-31,0.9752837896370752,59.088240000000006,28.5,14.9,82.0,26.0,54.54166666666666,920.7833333333333,21.091666666666665,212,3.241456256430322
577,2019-08-01,1.3770516400850528,53.09172,29.4,0.0,73.0,0.0,50.79166666666666,920.4291666666667,19.447916666666664,213,3.9296710291859056
578,2019-08-02,1.0274216022906295,66.32856,30.5,14.7,78.0,16.0,47.08333333333334,920.7791666666667,22.25416666666667,214,3.389925877442524
579,2019-08-03,1.223705132280481,46.365120000000005,28.9,16.8,70.0,29.0,48.91666666666666,920.6125,22.35833333333333,215,3.1268806799241995
580,2019-08-04,2.5547528200241625,51.00659999999999,24.2,16.8,73.0,47.0,62.83333333333334,923.9166666666664,20.07083333333333,216,2.708694171680614
581,2019-08-05,2.536351239087613,53.198640000000005,23.5,13.3,77.0,44.0,64.125,928.2833333333334,17.26666666666667,217,3.0200292151947936
582,2019-08-06,2.456611055029237,31.2318,21.1,15.7,75.0,56.0,66.08333333333333,928.8916666666664,18.043750000000006,218,2.4783939762686362
583,2019-08-07,1.791087211157396,44.43120000000001,25.6,17.1,77.0,45.0,64.16666666666667,927.9291666666664,20.07291666666667,219,2.9347900528526605
584,2019-08-08,1.5487997288261728,67.97303999999998,28.7,16.7,88.0,34.0,64.04166666666667,926.3166666666666,21.389583333333327,220,3.4163157945521987
585,2019-08-09,1.5119965669530755,67.33511999999999,28.8,16.7,84.0,27.0,59.79166666666666,924.6541666666667,21.62708333333333,221,3.371584091067122
586,2019-08-10,1.3862524305533268,68.66135999999999,29.6,17.4,73.0,26.0,52.83333333333334,924.0124999999997,22.60416666666667,222,3.332482345396105
587,2019-08-11,1.3310476877436814,59.73443999999999,30.1,16.5,80.0,29.0,52.41666666666666,923.6916666666666,23.06458333333333,223,3.5924298104345906
588,2019-08-12,1.3617169893045955,68.76360000000001,28.2,17.1,68.0,28.0,48.16666666666666,923.1166666666667,22.47083333333333,224,3.2203951867666336
589,2019-08-13,0.981417649949258,68.09543999999998,30.6,14.4,77.0,22.0,48.29166666666666,921.9083333333334,21.910416666666666,225,3.8008006680225828
590,2019-08-14,2.018040042708162,50.51195999999998,26.6,17.0,78.0,37.0,58.45833333333334,923.8458333333333,21.28125,226,3.2056978971350145
591,2019-08-15,2.244992874258928,70.65899999999998,24.1,14.1,72.0,35.0,57.83333333333334,927.3833333333333,18.25,227,3.1746789756455884
592,2019-08-16,1.9290990681815108,72.42804,24.7,12.1,75.0,31.0,54.45833333333334,926.5833333333335,17.547916666666666,228,3.470526744020423
593,2019-08-17,1.8002880016256706,73.28375999999999,24.7,12.1,72.0,25.0,48.625,924.0208333333336,17.889583333333334,229,3.436342179641902
594,2019-08-18,1.009020021354081,65.94984000000001,28.2,12.7,72.0,24.0,45.20833333333334,921.6,20.039583333333333,230,3.7995695011484307
595,2019-08-19,0.7145947263693034,66.17591999999999,30.8,14.5,73.0,21.0,44.625,919.9291666666667,22.20625,231,3.9576678492327435
596,2019-08-20,1.3893193607094183,53.36748000000001,28.9,19.3,62.0,32.0,45.79166666666666,921.125,23.46875,232,3.2701312699837417
597,2019-08-21,1.5365320082018072,62.74728,29.1,17.9,74.0,33.0,58.0,922.125,22.62708333333333,233,3.5825429367453276
598,2019-08-22,2.03337469348862,53.03124,26.9,17.9,77.0,43.0,66.25,922.6375,20.766666666666666,234,3.368392005784601
599,2019-08-23,1.751217119128207,38.8422,25.9,16.2,81.0,49.0,69.95833333333333,921.825,19.447916666666664,235,3.5161865153037852
600,2019-08-24,1.2359728529048468,73.33272,27.5,13.4,90.0,25.0,62.45833333333334,922.5166666666668,19.5875,236,4.000478672001724
601,2019-08-25,2.1192487378591798,71.22636,26.3,15.2,72.0,33.0,56.33333333333334,924.875,19.854166666666668,237,3.5972481837355095
602,2019-08-26,2.039508553800802,67.80564,26.4,15.9,77.0,33.0,57.70833333333334,925.3333333333336,19.925,238,3.589973467718178
603,2019-08-27,1.9321659983376025,77.17968,28.0,15.4,74.0,29.0,54.79166666666666,924.9166666666667,20.245833333333334,239,3.851272950445524
604,2019-08-28,2.0395085538008018,67.16015999999999,25.6,15.1,74.0,33.0,56.91666666666666,924.045833333333,19.120833333333334,240,3.6080933100667214
605,2019-08-29,2.0579101347373503,53.05068000000001,24.0,14.2,71.0,32.0,55.75,923.1291666666667,18.295833333333334,241,3.4942715501629875
606,2019-08-30,1.502795776484802,74.12904000000002,28.5,14.6,73.0,27.0,52.83333333333334,921.6541666666667,20.166666666666668,242,4.0748288035294005
607,2019-08-31,1.6132052621040929,75.6648,30.8,16.5,69.0,25.0,50.0,920.5041666666667,22.44375,243,4.160295461699984
608,2019-09-01,1.2390397830609383,71.83692000000002,33.0,16.8,76.0,21.0,45.125,918.2583333333333,24.66458333333333,244,4.503972656039286
609,2019-09-02,1.416921732114241,68.44319999999999,30.4,19.1,64.0,29.0,45.70833333333334,918.3958333333336,24.668750000000006,245,3.85788088764494
610,2019-09-03,1.834024233342676,75.50316000000002,33.6,19.8,65.0,22.0,45.41666666666666,919.6666666666665,25.60208333333333,246,4.217160532413595
611,2019-09-04,1.8156226524061272,76.44960000000002,33.7,20.6,59.0,18.0,38.375,921.2583333333336,26.34583333333333,247,4.054989185302962
612,2019-09-05,2.2909968266002996,75.89124000000002,30.1,17.9,70.0,31.0,51.25,922.9541666666668,24.14791666666667,248,4.118732080100509
613,2019-09-06,2.3400677090977635,58.7556,26.1,18.8,75.0,46.0,63.79166666666666,924.6541666666666,21.41875,249,3.4637742184371256
614,2019-09-07,1.8370911634987677,70.22844,29.2,16.7,78.0,34.0,59.20833333333334,925.2541666666666,21.58333333333333,250,4.2806509347787
615,2019-09-08,2.2879298964442087,80.93988,27.5,17.2,75.0,38.0,59.0,925.1291666666667,21.435416666666665,251,3.9693532661215962
616,2019-09-09,1.7665517699086652,83.3634,28.2,15.9,72.0,24.0,50.58333333333334,923.5958333333334,21.527083333333334,252,4.156171074801548
617,2019-09-10,1.4629256844556129,81.4806,33.6,18.0,63.0,17.0,41.91666666666666,921.45,24.40833333333334,253,4.558435005672424
618,2019-09-11,1.5733351700749039,79.7814,34.6,18.1,73.0,19.0,44.5,919.3625000000003,25.98125,254,4.884586415229455
619,2019-09-12,1.5089296367969842,79.57368000000001,35.4,19.2,68.0,15.0,40.208333333333336,918.8666666666667,26.8125,255,4.795922555341152
620,2019-09-13,1.5119965669530755,76.22784000000001,36.4,21.2,57.0,14.0,32.041666666666664,918.9958333333336,28.4,256,4.57810986863428
621,2019-09-14,2.643693794550814,79.47684000000002,31.3,19.9,70.0,20.0,47.25,920.5291666666666,25.27500000000001,257,4.210847579959207
622,2019-09-15,2.0149731125520702,79.67808000000001,29.7,18.4,75.0,34.0,52.625,921.4875,23.4875,258,4.339964833259845
623,2019-09-16,2.0763117156738993,83.1546,29.4,19.0,64.0,30.0,50.95833333333334,921.0416666666667,23.15833333333333,259,4.108812315966001
624,2019-09-17,1.5518666589822645,80.6274,33.7,18.7,65.0,15.0,44.79166666666666,918.475,24.64583333333333,260,4.719813018348778
625,2019-09-18,0.9507483483883435,82.06451999999999,34.5,18.6,64.0,13.0,36.04166666666666,915.9291666666664,26.38541666666667,261,4.843378501760529
626,2019-09-19,1.6193391224162756,70.3692,35.0,22.0,46.0,16.0,30.625,915.6916666666664,27.81458333333333,262,4.33332907900552
627,2019-09-20,1.7420163286599333,73.11564,34.4,21.6,53.0,19.0,38.708333333333336,917.3583333333332,27.35,263,4.455820536923636
628,2019-09-21,1.9659022300546076,72.24336,34.7,22.3,57.0,23.0,43.29166666666666,917.9166666666665,27.325000000000006,264,4.538652298416176
629,2019-09-22,2.3584692900343107,75.55788000000003,31.2,21.4,64.0,36.0,51.20833333333334,919.4916666666664,25.33333333333333,265,4.264527036240157
630,2019-09-23,2.904382857818585,43.88363999999999,24.9,17.5,72.0,45.0,62.29166666666666,923.2625,21.0625,266,3.8176862112363543
631,2019-09-24,2.25112673457111,85.91148000000001,28.9,14.5,70.0,28.0,53.04166666666666,923.8375,20.10416666666667,267,4.90758127919222
632,2019-09-25,2.106981017234814,22.625999999999994,21.1,16.0,87.0,52.0,69.29166666666667,921.5625,17.78125,268,3.3791859108864006
633,2019-09-26,1.0458231832271785,12.173760000000005,18.0,15.9,91.0,68.0,83.54166666666667,920.65,16.96458333333333,269,2.490409870118151
634,2019-09-27,0.7421970977741262,83.57256,28.1,14.7,92.0,40.0,72.16666666666667,919.0833333333333,19.989583333333336,270,5.102746336865142
635,2019-09-28,1.8830951158401388,70.96824000000002,27.7,17.3,82.0,44.0,66.25,919.5500000000003,21.5125,271,4.590564762434841
636,2019-09-29,1.861626604747499,71.24112000000002,29.8,18.6,81.0,35.0,66.5,918.2208333333333,22.24375000000001,272,4.746965627034139
637,2019-09-30,1.8708273952157728,78.42096000000002,31.0,18.1,82.0,28.0,61.625,918.1791666666664,22.847916666666666,273,5.034575714835735
638,2019-10-01,2.125382598171362,89.23967999999998,31.1,18.0,78.0,27.0,52.54166666666666,918.4541666666668,23.74375,274,5.048638671277776
639,2019-10-02,1.9781699506789736,93.84875999999998,31.9,17.3,77.0,22.0,45.91666666666666,918.0083333333333,24.025,275,5.263631632658525
640,2019-10-03,1.8616266047474987,92.17152,31.4,18.5,54.0,25.0,41.41666666666666,918.3166666666666,23.625,276,4.819345988658904
641,2019-10-04,2.429008683624414,82.07784000000001,29.7,18.0,70.0,27.0,45.79166666666666,919.65,23.11875000000001,277,4.790435675262553
642,2019-10-05,2.287929896444208,75.98772000000002,30.5,17.9,75.0,26.0,53.75,918.65,23.079166666666666,278,5.013972546627645
643,2019-10-06,2.1775204108249167,87.90011999999999,31.2,18.7,69.0,32.0,51.625,917.6,23.781250000000004,279,5.044454148219711
644,2019-10-07,2.202055852073648,91.512,31.1,19.3,67.0,33.0,50.08333333333334,918.1291666666664,24.57708333333333,280,4.942374335242726
645,2019-10-08,1.9781699506789736,83.13011999999999,32.5,20.5,61.0,30.0,48.375,918.0375,25.12916666666667,281,4.955862042819378
646,2019-10-09,1.9290990681815103,66.88656,31.6,20.2,72.0,34.0,53.125,918.7708333333335,24.99583333333333,282,4.988482985101801
647,2019-10-10,2.257260594883294,58.91004000000001,29.5,20.5,72.0,40.0,59.625,919.5125000000003,23.57708333333333,283,4.547650295202373
648,2019-10-11,2.1131148775469963,91.38672,29.8,19.0,75.0,32.0,54.20833333333334,920.7583333333333,23.36666666666667,284,4.875122951926756
649,2019-10-12,1.8892289761523215,95.99544,32.9,19.4,68.0,24.0,46.95833333333334,920.1833333333336,24.94583333333333,285,5.304153202178361
650,2019-10-13,2.1744534806688254,100.02168000000002,33.2,20.3,62.0,18.0,43.95833333333334,918.7791666666666,25.604166666666664,286,5.108291553058444
651,2019-10-14,2.159118829888368,99.56807999999998,32.5,19.8,59.0,14.0,40.54166666666666,918.125,25.241666666666664,287,4.998960668758117
652,2019-10-15,1.7358824683477505,95.06376,33.5,20.1,48.0,15.0,34.25,918.6916666666667,25.547916666666666,288,5.020874185442843
653,2019-10-16,2.0517762744251677,86.78088000000001,31.8,19.9,66.0,24.0,43.33333333333334,919.7625000000003,25.25833333333333,289,5.073581593988983
654,2019-10-17,2.1223156680152715,92.60531999999999,32.3,19.7,66.0,16.0,37.458333333333336,920.1458333333333,25.56666666666667,290,5.138968757045411
655,2019-10-18,1.4138548019581498,91.3698,34.4,20.2,51.0,15.0,30.75,918.9250000000003,26.66875,291,5.259662508013841
656,2019-10-19,1.4598587542995214,77.1858,36.0,20.8,61.0,20.0,35.375,916.8916666666664,27.63125,292,5.688038229575329
657,2019-10-20,1.6745438652259217,76.31639999999999,32.0,20.7,69.0,32.0,52.54166666666666,915.6625,25.33125,293,5.152061510620535
658,2019-10-21,1.7266816778794756,44.21195999999999,27.3,20.5,72.0,49.0,60.58333333333334,914.5,23.925000000000004,294,4.2363075000971
659,2019-10-22,1.2022366211878408,65.19959999999999,31.4,19.0,91.0,32.0,63.91666666666666,914.2583333333333,24.11666666666667,295,5.554628397296781
660,2019-10-23,1.6592092144454649,74.67479999999998,32.0,19.7,77.0,33.0,60.875,916.4375,24.4625,296,5.464151164562023
661,2019-10-24,2.0517762744251677,61.865280000000006,31.4,20.3,74.0,36.0,59.95833333333334,918.4083333333334,24.11458333333333,297,5.238606876248984
662,2019-10-25,1.2605082941535786,74.0988,34.3,18.8,81.0,25.0,56.41666666666666,918.1791666666667,25.26041666666667,298,6.094763154979028
663,2019-10-26,2.0640439950495333,87.02928,35.3,16.6,84.0,25.0,56.33333333333334,918.7458333333333,24.99375,299,6.691575319600973
664,2019-10-27,1.4843941955482531,86.61815999999996,32.2,17.6,80.0,33.0,55.83333333333334,919.3125,24.12708333333333,300,5.9635294074200695
665,2019-10-28,1.3862524305533273,75.12299999999998,33.9,19.9,89.0,27.0,58.54166666666666,918.4708333333334,24.91458333333333,301,5.986422810605826
666,2019-10-29,1.3463823385241385,82.1358,33.1,18.3,92.0,30.0,68.58333333333333,917.4416666666664,22.75625,302,6.161538977605086
667,2019-10-30,1.0611578340076349,86.80464,31.2,17.2,92.0,35.0,73.04166666666667,917.7625000000003,22.28125,303,5.995994058759099
668,2019-10-31,1.3433154083680472,70.97579999999998,31.0,18.8,88.0,35.0,65.66666666666667,918.5,23.82708333333333,304,5.641760776094102
669,2019-11-01,1.2666421544657611,51.7464,30.9,18.7,90.0,40.0,68.08333333333333,918.4375,23.375,305,5.70787101489946
670,2019-11-02,1.8984297666205965,63.86256000000001,29.1,18.5,89.0,43.0,69.04166666666667,918.825,22.56875,306,5.348679140001311
671,2019-11-03,1.7512171191282075,99.81252,32.3,19.5,78.0,30.0,57.45833333333334,916.5499999999997,24.489583333333336,307,5.712190986195728
672,2019-11-04,1.2267720624365723,105.34536,35.0,20.9,71.0,21.0,46.70833333333334,915.1166666666667,27.375,308,5.887683781081958
673,2019-11-05,1.193035830719567,77.5656,35.4,21.5,83.0,28.0,50.95833333333334,915.9375,27.30625,309,6.106033620348771
674,2019-11-06,1.0918271355685496,80.2836,34.9,21.6,81.0,28.0,57.54166666666666,916.1666666666667,27.14583333333333,310,5.963824593919845
675,2019-11-07,2.002705391927705,84.78756,31.3,22.3,74.0,36.0,56.58333333333334,916.8083333333336,26.15,311,4.9838564367641744
676,2019-11-08,1.7174808874112015,77.58828000000001,33.1,20.6,88.0,31.0,54.20833333333334,915.3625,26.05625,312,5.85461219850797
677,2019-11-09,1.3494492686802295,97.15644,33.8,19.5,89.0,29.0,61.41666666666666,916.2125,25.80416666666667,313,6.221413770708572
678,2019-11-10,1.3157130369632244,94.68792,34.6,20.1,82.0,24.0,50.83333333333334,916.8791666666667,26.625000000000004,314,6.177464492772504
679,2019-11-11,1.4414571733629726,95.82407999999998,35.1,21.5,70.0,21.0,45.875,915.975,27.65833333333333,315,5.878861060348143
680,2019-11-12,2.7387686293896487,56.68415999999999,27.6,20.7,72.0,50.0,61.95833333333334,917.7125,23.57708333333333,316,4.497471552319549
681,2019-11-13,2.2204574330101963,76.24619999999999,30.6,19.9,87.0,39.0,62.79166666666666,917.8875000000003,23.89791666666667,317,5.499435028417814
682,2019-11-14,1.7236147477233852,49.39236,30.8,20.0,89.0,42.0,72.08333333333333,916.775,22.90416666666667,318,5.573872231045066
683,2019-11-15,0.9047443960469724,28.29888,25.4,19.0,92.0,65.0,85.54166666666667,915.166666666667,20.777083333333334,319,4.47671237050254
684,2019-11-16,0.8955436055786979,70.15320000000001,28.5,18.8,92.0,50.0,78.29166666666667,913.0916666666667,21.91875,320,5.33607700066332
685,2019-11-17,1.855492744435316,57.220560000000006,27.8,19.4,85.0,54.0,71.375,914.4958333333334,22.88541666666667,321,4.9999521766960875
686,2019-11-18,1.214504341812207,19.05804,22.8,18.8,91.0,75.0,84.25,918.0666666666667,20.597916666666666,322,3.700651075614399
687,2019-11-19,1.0335554626028125,57.03984000000001,28.7,18.7,91.0,49.0,81.04166666666667,918.7208333333334,21.339583333333334,323,5.4205689654815785
688,2019-11-20,1.4598587542995214,31.98672,24.0,19.2,90.0,59.0,77.08333333333333,918.9166666666665,21.029166666666665,324,3.965371826154667
689,2019-11-21,2.2480598044150195,73.63512,28.7,19.2,80.0,44.0,67.20833333333333,918.4541666666664,22.61458333333333,325,5.222855583003417
690,2019-11-22,1.7972210714695789,56.85732,28.5,18.8,84.0,48.0,71.79166666666667,917.2583333333336,22.391666666666666,326,5.317488520966887
691,2019-11-23,1.067291694319818,72.89855999999997,30.2,17.9,92.0,44.0,79.54166666666667,916.3958333333336,22.21041666666667,327,5.96443191394153
692,2019-11-24,0.8342050024568692,49.39524000000001,27.0,18.6,92.0,55.0,83.875,915.8416666666666,20.983333333333334,328,5.05974689366993
693,2019-11-25,1.659209214445464,76.25988000000001,26.7,17.1,87.0,54.0,71.75,917.0083333333333,20.90625,329,5.307624007081554
694,2019-11-26,2.110047947390905,98.17955999999998,28.9,18.1,82.0,45.0,67.66666666666667,917.8583333333336,22.07708333333333,330,5.5605903854309835
695,2019-11-27,1.6561422842893732,100.38348000000002,29.9,17.5,80.0,39.0,62.91666666666666,917.3541666666665,22.63125,331,5.864873222376486
696,2019-11-28,1.2635752243096694,77.22287999999998,31.9,18.7,88.0,40.0,67.75,915.2916666666665,23.85833333333333,332,6.183321817618587
697,2019-11-29,1.0979609958807324,42.07392,26.7,19.6,91.0,62.0,80.75,916.1,22.02916666666666,333,4.763915826665581
698,2019-11-30,1.024354672134538,63.21995999999999,28.3,19.4,91.0,52.0,79.33333333333333,916.7083333333335,22.806249999999995,334,5.231421176084328
699,2019-12-01,1.1224964371294637,66.09276000000001,29.4,19.7,92.0,47.0,76.95833333333333,916.4291666666667,23.27916666666667,335,5.439564043294289
700,2019-12-02,0.972216859480984,65.79503999999999,30.1,19.2,92.0,49.0,79.45833333333333,915.7583333333336,22.770833333333336,336,5.7535607727181395
701,2019-12-03,1.9106974872449618,50.69520000000001,25.4,19.2,91.0,65.0,80.58333333333333,915.9833333333336,21.529166666666665,337,4.500082033268409
702,2019-12-04,2.0916463664543565,77.24987999999998,27.4,18.6,89.0,56.0,73.75,917.625,22.114583333333336,338,5.204190551081015
703,2019-12-05,1.024354672134538,50.5728,27.3,19.3,91.0,65.0,83.54166666666667,916.8125,21.99791666666667,339,5.057824212938907
704,2019-12-06,1.1408980180660124,55.75032,28.9,19.4,92.0,54.0,82.125,915.0791666666668,22.55625,340,5.435683391035356
705,2019-12-07,0.6931262152766636,29.77056000000001,26.6,20.3,92.0,66.0,87.75,915.55,21.704166666666666,341,4.577913759740214
706,2019-12-08,1.9045636269327797,49.9788,24.1,18.5,90.0,64.0,77.45833333333333,917.645833333333,20.4625,342,4.29769537673314
707,2019-12-09,1.6316068430406419,58.38119999999999,27.7,18.3,84.0,55.0,75.16666666666667,917.8333333333335,21.68333333333333,343,5.338991851893724
708,2019-12-10,0.993685370573624,32.67756000000001,25.6,19.7,91.0,68.0,83.41666666666667,917.5583333333333,21.454166666666673,344,4.44235953434323
709,2019-12-11,0.6225868216865608,47.097,28.0,19.4,92.0,56.0,78.875,916.0916666666664,22.31875,345,5.21015882039641
710,2019-12-12,0.9200790468274294,54.48203999999999,27.2,19.1,92.0,61.0,83.625,915.6208333333334,21.73958333333333,346,5.084316599594491
711,2019-12-13,0.9660829991688008,98.29584000000004,31.3,18.5,92.0,39.0,72.58333333333333,916.5791666666668,23.685416666666665,347,6.162011639081748
712,2019-12-14,1.8585596745914077,91.87308000000002,30.2,18.9,88.0,43.0,64.41666666666667,919.9500000000003,24.4125,348,5.809849485408523
713,2019-12-15,2.6191583533020824,105.71868,29.0,20.2,77.0,32.0,56.08333333333334,920.6916666666666,24.1875,349,5.068242470719967
714,2019-12-16,1.6960123763185615,108.74412,30.0,18.7,77.0,26.0,56.66666666666666,918.8708333333336,23.90625,350,5.58934616484367
715,2019-12-17,1.5856028906992703,106.12224,31.2,20.3,78.0,28.0,55.83333333333334,916.6958333333333,25.12291666666667,351,5.571898288235571
716,2019-12-18,1.300378386182767,97.16652,32.4,20.8,70.0,28.0,52.20833333333334,916.5708333333336,26.097916666666666,352,5.683868802567277
717,2019-12-19,1.7297486080355675,60.88716000000001,30.5,19.9,89.0,43.0,67.45833333333333,918.3708333333333,24.0875,353,5.684792308920538
718,2019-12-20,1.6040044716358188,90.21132,30.7,19.7,88.0,42.0,66.04166666666667,918.475,24.44791666666667,354,5.766388598661454
719,2019-12-21,0.917012116671338,61.39476,29.2,20.0,91.0,46.0,69.45833333333333,917.9708333333333,23.9125,355,5.3494978109780345
720,2019-12-22,1.1777011799391095,100.94796,32.9,20.3,84.0,34.0,59.45833333333334,916.8625,25.975000000000005,356,6.092310500057781
721,2019-12-23,1.0642247641637264,49.68684,25.9,19.0,91.0,59.0,78.58333333333333,917.9916666666667,22.360416666666666,357,4.723422414686317
722,2019-12-24,0.9139451865152464,32.139,24.6,17.6,91.0,65.0,81.29166666666667,918.0833333333336,21.237500000000004,358,4.742340056813258
723,2019-12-25,1.2543744338413956,106.9596,30.3,17.4,91.0,36.0,67.5,917.7166666666667,23.354166666666664,359,6.118730027674867
724,2019-12-26,1.5641343796066298,84.21552000000001,30.4,20.8,79.0,37.0,60.54166666666666,918.6750000000003,24.989583333333336,360,5.3460528062285695
725,2019-12-27,1.8493588841231332,86.2704,29.1,19.9,83.0,40.0,60.20833333333334,919.5666666666666,24.0,361,5.259920236027382
726,2019-12-28,1.444524103519064,74.16828000000002,28.6,19.7,88.0,44.0,65.58333333333333,918.8416666666667,23.24791666666667,362,5.227708695524448
727,2019-12-29,1.1623665291586525,69.95988,29.4,18.8,90.0,40.0,72.66666666666667,917.5208333333335,22.43333333333333,363,5.62961074611728
728,2019-12-30,1.5948036811675443,85.08923999999998,29.3,18.1,84.0,32.0,61.375,915.8666666666664,22.85208333333333,364,5.652105630388386
729,2019-12-31,1.7328155381916583,94.01579999999998,29.9,18.8,79.0,37.0,59.125,915.2041666666668,23.981250000000006,365,5.6500366355833345
